5 inserted
72 inserted
5
5 72 
72
45 inserted
3 inserted
72
87 inserted
3
3 5 45 72 87 
83 inserted
3 5 45 72 83 87 
95 inserted
82 inserted
57 inserted
58 not found
95
58 inserted
39 inserted
95
60 inserted
3 5 39 45 57 58 60 72 82 83 87 95 
40 inserted
63 inserted
51 inserted
38 inserted
27 inserted
0 not found
56 inserted
3 5 27 38 39 40 45 51 56 57 58 60 63 72 82 83 87 95 
43 not found
82 found
95
78 inserted
23 inserted
6 inserted
3 5 6 23 27 38 39 40 45 51 56 57 58 60 63 72 78 82 83 87 95 
36 inserted
68 inserted
10 inserted
20 inserted
49 inserted
98 does not exist
3 5 6 10 20 23 27 36 38 39 40 45 49 51 56 57 58 60 63 68 72 78 82 83 87 95 
95
3 20 10 6 23 36 27 38 40 39 49 56 51 68 63 60 58 57 45 78 82 83 95 87 72 5 
95
94 not found
13 inserted
14 inserted
34 inserted
3 14 13 20 10 6 23 34 36 27 38 40 39 49 56 51 68 63 60 58 57 45 78 82 83 95 87 72 5 
84 inserted
73 not found
30 inserted
3 14 13 20 10 6 23 30 34 36 27 38 40 39 49 56 51 68 63 60 58 57 45 78 82 84 83 95 87 72 5 
75 inserted
35 does not exist
3 14 13 20 10 6 23 30 34 36 27 38 40 39 49 56 51 68 63 60 58 57 45 75 78 82 84 83 95 87 72 5 
99 does not exist
94 inserted
3 5 6 10 13 14 20 23 27 30 34 36 38 39 40 45 49 51 56 57 58 60 63 68 72 75 78 82 83 84 87 94 95 
80 not found
53 does not exist
54 does not exist
5 3 72 45 39 38 27 23 6 10 20 13 14 36 34 30 40 57 51 49 56 58 60 63 68 87 83 82 78 75 84 95 94 
95
3 14 13 20 10 6 23 30 34 36 27 38 40 39 49 56 51 68 63 60 58 57 45 75 78 82 84 83 94 95 87 72 5 
5 3 72 45 39 38 27 23 6 10 20 13 14 36 34 30 40 57 51 49 56 58 60 63 68 87 83 82 78 75 84 95 94 
55 inserted
3 14 13 20 10 6 23 30 34 36 27 38 40 39 49 55 56 51 68 63 60 58 57 45 75 78 82 84 83 94 95 87 72 5 
17 inserted
3
21 does not exist
5 3 72 45 39 38 27 23 6 10 20 13 14 17 36 34 30 40 57 51 49 56 55 58 60 63 68 87 83 82 78 75 84 95 94 
62 inserted
18 not found
47 inserted
36
11 inserted
55
93 inserted
57
8 does not exist
2 inserted
2
5 3 2 72 45 39 38 27 23 6 10 20 13 11 14 17 36 34 30 40 57 51 49 47 56 55 58 60 63 62 68 87 83 82 78 75 84 95 94 93 
77 inserted
54 inserted
12 not found
74 inserted
95
95
91 inserted
64 not found
2 3 11 17 14 13 20 10 6 23 30 34 36 27 38 40 39 47 49 54 55 56 51 62 68 63 60 58 57 45 74 77 75 78 82 84 83 91 93 94 95 87 72 5 
37 does not exist
15 does not exist
19 inserted
2 3 11 19 17 14 13 20 10 6 23 30 34 36 27 38 40 39 47 49 54 55 56 51 62 68 63 60 58 57 45 74 77 75 78 82 84 83 91 93 94 95 87 72 5 
2
5 3 2 72 45 39 38 27 23 6 10 20 13 11 14 17 19 36 34 30 40 57 51 49 47 56 55 54 58 60 63 62 68 87 83 82 78 75 74 77 84 95 94 93 91 
6
17
2
5 3 2 72 45 39 38 27 23 6 10 20 13 11 14 17 19 36 34 30 40 57 51 49 47 56 55 54 58 60 63 62 68 87 83 82 78 75 74 77 84 95 94 93 91 
16 inserted
2 3 11 16 19 17 14 13 20 10 6 23 30 34 36 27 38 40 39 47 49 54 55 56 51 62 68 63 60 58 57 45 74 77 75 78 82 84 83 91 93 94 95 87 72 5 
47 found
35 does not exist
28 inserted
2
36
48 inserted
71 inserted
95
27
2 3 5 6 10 11 13 14 16 17 19 20 23 27 28 30 34 36 38 39 40 45 47 48 49 51 54 55 56 57 58 60 62 63 68 71 72 74 75 77 78 82 83 84 87 91 93 94 95 
81 inserted
79 inserted
2
5 3 2 72 45 39 38 27 23 6 10 20 13 11 14 17 16 19 36 34 30 28 40 57 51 49 47 48 56 55 54 58 60 63 62 68 71 87 83 82 78 75 74 77 81 79 84 95 94 93 91 
65 inserted
42 does not exist
26 not found
2 3 5 6 10 11 13 14 16 17 19 20 23 27 28 30 34 36 38 39 40 45 47 48 49 51 54 55 56 57 58 60 62 63 65 68 71 72 74 75 77 78 79 81 82 83 84 87 91 93 94 95 
19
1 inserted
