239 181 88
282 160 250
213 30 320
100 26 399
147 114 421
115 6 425
177 91 616
258 32 710
251 220 719
263 155 729
79 67 776
287 262 869
117 57 968
171 97 1046
295 235 1131
200 11 1142
101 33 1325
110 57 1709
229 157 1800
168 138 1849
268 58 1913
263 245 1939
213 23 1986
142 36 2057
172 155 2089
77 10 2498
242 158 2703
57 30 2854
300 126 3071
167 58 3260
205 61 3571
291 282 3891
259 15 4160
283 271 4180
289 47 4308
298 285 4312
248 106 4336
127 92 4581
219 208 4702
236 232 4725
267 136 5085
252 83 5141
259 96 5185
295 294 5273
101 20 5342
182 104 5431
257 16 5448
176 69 5583
183 159 5621
161 115 5695
264 144 6117
286 72 6172
299 62 6245
283 16 6389
34 27 6448
151 106 6509
202 105 6595
269 9 6624
297 72 6702
244 153 7053
257 61 7114
127 52 7507
294 95 7520
30 6 7540
250 190 7663
210 192 7783
221 58 7823
20 0 7849
236 63 7868
53 15 7869
219 51 7928
182 136 7986
298 168 7989
160 49 8258
106 5 8329
168 85 8382
55 4 8421
143 1 8465
255 70 8535
231 158 8541
69 14 8613
167 19 8750
145 37 8799
300 92 8933
186 63 9049
260 4 9265
184 128 9654
165 99 9901
226 202 10105
207 183 10144
92 36 10167
249 55 10179
280 164 10262
242 117 10287
295 256 10289
141 95 10473
178 164 10498
173 47 10589
220 89 10664
291 224 10697
289 93 10906
143 42 11072
255 12 11165
146 33 11201
288 141 11296
127 39 11464
199 42 11510
23 11 11639
151 69 11756
131 37 11797
143 121 11866
250 58 12180
184 33 12269
174 163 12300
220 0 12414
299 144 12434
233 31 12488
294 191 12525
279 256 12534
181 93 12583
273 151 12697
215 89 12744
277 178 13106
258 199 13314
149 52 13395
183 46 13409
300 219 13469
243 42 13513
276 6 13544
230 163 13593
219 104 13621
186 30 13669
146 43 13755
261 232 13791
286 47 13858
218 208 13934
279 268 13950
170 1 13962
193 168 14395
269 250 14399
113 36 14415
69 38 14460
154 46 14468
219 137 14490
207 114 14517
279 160 14588
188 122 14808
168 66 14848
101 86 14857
270 148 15074
209 28 15108
167 82 15146
163 126 15247
85 28 15255
30 19 15373
289 162 15648
39 13 15662
108 42 15727
203 112 15893
175 59 15928
290 52 16070
289 68 16132
285 74 16149
223 57 16151
139 21 16213
89 8 16250
147 23 16369
161 130 16424
252 214 16488
258 82 16540
299 66 16622
183 12 16739
230 202 16756
255 128 16824
249 29 16852
280 207 16875
278 160 16903
66 39 17107
259 193 17187
277 187 17351
260 246 17411
154 149 17443
265 18 17543
157 65 17549
124 47 17612
219 81 17785
50 34 17844
233 104 17950
91 43 18091
239 102 18158
253 55 18316
289 283 18431
189 30 18435
150 147 18591
103 4 18624
278 41 18749
156 65 19385
225 24 19409
181 29 19462
252 249 19576
229 64 19606
216 62 19722
273 15 19993
284 9 20444
262 183 20560
196 142 20566
24 8 20596
253 203 20608
269 227 20774
73 11 21707
164 64 21802
228 187 21945
194 23 22002
204 51 22119
219 212 22384
196 148 22506
89 71 23055
218 21 23085
78 20 23146
136 67 23273
44 10 23289
221 44 23390
266 259 23420
230 54 23731
285 274 24006
182 153 24308
188 158 24330
172 80 24856
240 231 25089
100 79 25322
145 139 25393
155 147 25554
185 105 25629
155 40 25941
249 69 26068
227 133 26184
43 17 26230
270 222 26536
107 70 26891
148 134 26991
169 10 27025
262 180 27220
20 3 27355
250 171 27828
210 122 28282
157 116 28509
138 99 28641
275 97 29276
84 70 29404
272 148 29820
132 75 30398
217 33 30787
270 265 30837
292 45 31071
207 60 31353
207 140 31358
206 31 31423
214 75 31510
210 166 31815
195 66 32537
293 53 32580
175 173 32635
158 22 32921
292 198 33543
91 48 33731
177 119 33793
200 125 34005
179 81 34535
247 208 34832
241 145 35633
278 123 35776
141 88 35817
60 45 36282
176 135 36500
109 87 36828
56 20 37946
281 211 37960
178 98 39480
151 94 39742
205 118 40269
296 254 40384
238 197 40764
281 212 40851
197 147 41029
234 103 42042
201 189 42237
80 7 43044
150 34 43360
237 13 43413
207 76 43877
106 25 44778
206 111 45959
292 87 46275
258 120 48718
211 35 50983
158 152 51471
296 277 51675
90 25 61623
135 2 85149
249 129 144363
