0
1
3
5
6
7
10
11
12
13
14
15
16
18
19
20
22
23
25
27
28
29
30
31
32
33
34
35
36
37
40
42
47
48
50
51
52
55
60
63
64
65
66
67
69
70
72
73
74
77
78
79
80
82
87
88
91
94
97
98
100
101
102
103
104
105
106
108
111
113
116
117
120
122
124
125
126
129
130
132
133
137
139
141
142
147
148
149
150
151
152
154
159
161
162
163
164
165
167
168
169
170
171
173
175
177
178
179
180
182
183
184
185
187
191
193
196
197
199
200
204
205
206
207
208
209
210
212
213
214
215
216
217
219
222
226
227
228
229
230
231
233
237
238
239
240
241
242
243
249
255
256
261
262
264
265
267
269
270
274
278
279
280
281
283
284
290
295
296
297
298
299
301
302
303
305
306
308
311
313
315
316
318
322
324
325
326
327
331
332
335
336
339
340
341
343
345
349
350
352
353
355
361
364
366
367
370
371
374
375
376
378
379
381
382
385
387
389
390
395
397
398
402
408
409
410
412
414
418
420
423
424
428
434
435
437
439
440
442
443
444
445
446
450
452
453
456
457
460
461
462
463
464
466
470
472
473
474
475
476
478
479
482
484
485
486
487
490
491
493
496
498
500
502
503
505
508
509
510
512
513
514
516
517
518
520
521
522
524
526
527
528
530
532
533
534
541
542
546
547
548
553
558
560
562
563
564
565
566
567
569
573
574
575
576
577
580
582
584
587
588
590
591
596
597
598
600
603
604
605
606
607
608
610
615
619
620
621
622
623
624
626
630
631
633
635
636
638
641
644
645
647
648
649
652
654
656
658
660
663
665
668
670
673
675
676
677
680
682
683
684
685
688
689
691
694
698
699
703
704
705
707
708
709
711
716
717
720
721
724
726
727
728
729
732
733
734
735
736
737
738
740
741
743
744
746
747
748
749
750
754
755
756
758
760
761
763
768
770
771
772
774
775
776
777
780
784
786
787
788
789
790
793
794
795
797
798
799
800
803
804
805
806
808
809
811
815
819
820
821
822
823
825
826
827
828
829
831
834
835
837
838
840
842
843
847
848
850
851
852
854
855
856
857
858
859
861
862
863
865
866
873
876
877
878
884
888
889
890
893
894
895
896
897
901
902
903
904
906
907
909
912
918
919
920
922
923
926
928
929
930
932
933
934
936
937
938
939
942
944
947
949
950
951
953
954
955
956
957
960
961
962
965
966
967
969
970
971
976
979
980
983
984
987
988
993
994
995
997
998
1003
1004
1005
1006
1008
1009
1010
1011
1014
1016
1017
1018
1020
1021
1022
1023
1029
1031
1033
1034
1035
1036
1038
1040
1041
1042
1043
1049
1050
1051
1053
1054
1055
1060
1062
1063
1065
1066
1067
1070
1071
1073
1074
1075
1078
1079
1081
1083
1084
1085
1086
1088
1091
1093
1095
1096
1099
1100
1101
1102
1103
1104
1106
1107
1108
1112
1114
1115
1116
1118
1120
1121
1122
1123
1128
1129
1131
1132
1133
1135
1137
1138
1140
1142
1143
1144
1145
1149
1152
1153
1154
1157
1160
1162
1163
1164
1166
1167
1169
1170
1171
1172
1173
1174
1175
1176
1178
1182
1183
1185
1188
1189
1190
1191
1192
1194
1196
1202
1203
1205
1206
1212
1215
1217
1218
1219
1220
1221
1222
1225
1226
1228
1230
1232
1233
1236
1237
1240
1242
2
4
8
9
17
21
24
26
38
39
41
43
44
45
46
49
53
54
56
57
58
59
61
62
68
71
75
76
81
83
84
85
86
89
90
92
93
95
96
99
107
109
110
112
114
115
118
119
121
123
127
128
131
134
135
136
138
140
143
144
145
146
153
155
156
157
158
160
166
172
174
176
181
186
188
189
190
192
194
195
198
201
202
203
211
218
220
221
223
224
225
232
234
235
236
244
245
246
247
248
250
251
252
253
254
257
258
259
260
263
266
268
271
272
273
275
276
277
282
285
286
287
288
289
291
292
293
294
300
304
307
309
310
312
314
317
319
320
321
323
328
329
330
333
334
337
338
342
344
346
347
348
351
354
356
357
358
359
360
362
363
365
368
369
372
373
377
380
383
384
386
388
391
392
393
394
396
399
400
401
403
404
405
406
407
411
413
415
416
417
419
421
422
425
426
427
429
430
431
432
433
436
438
441
447
448
449
451
454
455
458
459
465
467
468
469
471
477
480
481
483
488
489
492
494
495
497
499
501
504
506
507
511
515
519
523
525
529
531
535
536
537
538
539
540
543
544
545
549
550
551
552
554
555
556
557
559
561
568
570
571
572
578
579
581
583
585
586
589
592
593
594
595
599
601
602
609
611
612
613
614
616
617
618
625
627
628
629
632
634
637
639
640
642
643
646
650
651
653
655
657
659
661
662
664
666
667
669
671
672
674
678
679
681
686
687
690
692
693
695
696
697
700
701
702
706
710
712
713
714
715
718
719
722
723
725
730
731
739
742
745
751
752
753
757
759
762
764
765
766
767
769
773
778
779
781
782
783
785
791
792
796
801
802
807
810
812
813
814
816
817
818
824
830
832
833
836
839
841
844
845
846
849
853
860
864
867
868
869
870
871
872
874
875
879
880
881
882
883
885
886
887
891
892
898
899
900
905
908
910
911
913
914
915
916
917
921
924
925
927
931
935
940
941
943
945
946
948
952
958
959
963
964
968
972
973
974
975
977
978
981
982
985
986
989
990
991
992
996
999
1000
1001
1002
1007
1012
1013
1015
1019
1024
1025
1026
1027
1028
1030
1032
1037
1039
1044
1045
1046
1047
1048
1052
1056
1057
1058
1059
1061
1064
1068
1069
1072
1076
1077
1080
1082
1087
1089
1090
1092
1094
1097
1098
1105
1109
1110
1111
1113
1117
1119
1124
1125
1126
1127
1130
1134
1136
1139
1141
1146
1147
1148
1150
1151
1155
1156
1158
1159
1161
1165
1168
1177
1179
1180
1181
1184
1186
1187
1193
1195
1197
1198
1199
1200
1201
1204
1207
1208
1209
1210
1211
1213
1214
1216
1223
1224
1227
1229
1231
1234
1235
1238
1239
1241
