3
11
13
15
18
20
22
23
28
34
36
40
9
41
44
48
49
51
53
61
66
73
80
65
81
82
86
89
97
98
107
109
114
117
126
128
130
135
139
144
148
152
154
157
159
166
167
168
174
176
183
186
187
190
191
197
198
202
204
212
213
214
215
221
223
226
234
239
243
245
246
247
248
251
252
255
256
258
262
265
266
269
270
273
274
275
279
280
283
287
288
298
305
309
314
322
324
325
330
331
332
194
335
337
338
339
341
343
348
349
323
352
353
355
356
359
360
364
365
367
368
369
372
376
379
385
389
401
402
403
412
12
83
415
419
424
425
428
431
433
434
435
438
441
444
446
448
452
453
458
461
465
469
474
478
479
480
483
486
487
488
490
493
495
498
499
505
509
512
516
521
522
500
523
241
528
532
534
536
540
542
543
294
544
548
560
564
565
569
572
575
579
581
582
586
589
590
592
484
596
598
602
603
605
607
611
612
613
614
615
623
626
628
633
636
637
561
639
119
567
439
640
650
653
31
654
655
657
663
664
665
667
668
675
678
689
690
692
694
697
289
699
703
711
501
382
131
712
200
717
720
722
724
726
411
727
729
731
450
735
737
741
742
137
743
745
746
747
749
751
752
753
754
755
758
762
764
766
767
771
774
777
780
388
617
782
784
786
791
100
511
793
798
804
807
808
812
817
825
829
25
70
831
835
840
173
725
842
272
843
845
398
847
674
550
320
848
132
857
859
867
195
870
871
224
457
872
874
794
837
875
879
883
884
888
889
891
895
897
898
899
905
907
913
914
915
916
919
920
922
925
929
931
935
939
21
942
943
953
35
954
370
955
956
959
963
966
938
855
599
638
967
968
970
814
971
973
976
981
982
983
985
986
993
996
997
1000
1001
1009
1011
1012
1014
92
1015
1021
1023
1026
624
27
803
57
1028
1030
1035
1036
556
1042
1048
1049
1052
1054
295
408
326
85
459
182
32
555
723
661
1055
39
1063
1064
177
1066
1071
1074
1077
1080
1084
1092
1099
1102
1112
1118
1122
1123
1124
710
908
1127
1129
853
147
407
527
530
721
315
515
1130
1132
1133
347
1096
948
261
1137
1139
1141
1143
1145
659
1148
211
1151
1154
1156
1157
828
700
1160
301
180
232
838
302
46
1167
1170
1172
1173
1176
1181
1182
1183
775
583
1187
1192
1195
1165
1197
1198
1204
1
1208
1210
763
595
687
1211
1017
1212
1214
145
1215
293
902
1221
573
658
1223
1228
1231
510
1232
1234
1235
1238
236
1239
1241
1255
1258
1259
1261
620
1264
185
1265
1267
1271
1272
1274
264
1276
1280
1282
1284
423
1290
643
961
651
580
1134
1016
1291
987
844
832
1296
514
5
1297
1302
124
263
1025
299
951
894
1069
1281
1306
1307
1313
1316
682
1300
1318
1319
1256
462
517
93
941
1060
1320
1321
524
818
1323
391
1111
597
1324
1325
1326
827
1115
328
1251
1329
621
1333
1334
1335
142
1166
375
1337
1338
1339
1343
778
1344
1345
571
1037
1346
1348
304
1350
984
1353
143
1356
1358
1361
1362
989
854
1367
520
1018
1368
1159
373
1315
1242
1184
679
952
357
1369
1370
1010
1247
1371
1374
1375
1379
1342
106
1125
962
893
78
489
199
1380
718
1382
1383
429
546
108
936
406
63
979
1385
1386
1392
1393
1394
1395
1396
1403
158
1405
1336
1410
910
374
833
178
1230
244
634
1200
1412
1088
1414
1415
1417
641
1418
1420
740
1421
1424
1425
1428
1429
1062
1430
1431
1432
1433
1435
1438
683
1439
1441
890
878
1442
1103
1229
1443
1445
1081
233
1061
55
957
138
923
1031
1089
390
1144
1287
1411
172
253
1288
466
811
1236
1354
627
1373
149
821
317
1446
1448
1449
91
1451
688
1452
300
1454
881
1456
1457
631
1461
1463
1467
1240
1078
1473
1475
830
1162
1476
909
1478
1479
1480
64
1117
1355
1100
1126
585
1189
1295
410
472
1481
606
926
1482
940
1483
1486
1328
1083
1489
1491
1493
1389
1496
1498
417
1500
120
1505
1506
1508
707
1465
160
254
14
1252
1331
800
1298
1509
1510
1515
652
577
1317
1408
1516
1520
1521
1523
1174
1524
1525
1526
1527
1116
1528
635
101
449
1529
1530
1531
1533
563
1534
1535
1538
591
1464
506
237
503
1539
188
1237
733
164
133
1006
917
1051
876
1363
75
371
670
162
437
552
1218
404
303
193
601
76
644
1044
1352
1260
545
945
666
1254
1209
380
576
90
99
1072
587
836
1213
291
1250
673
1477
392
112
964
1440
47
834
1233
118
1540
1541
1542
1504
1388
1135
1391
773
354
988
1543
537
1120
285
1544
696
1075
519
1041
1397
74
535
94
732
1474
1057
175
153
549
1364
1202
316
6
706
975
52
912
29
578
19
50
698
924
1110
645
1546
1547
436
906
1186
861
1266
1050
1008
413
851
531
785
1279
1548
1400
1549
1550
1552
336
1545
882
307
849
863
604
292
1150
467
1514
609
1155
1309
1152
584
779
1146
761
1121
695
1472
384
1553
281
1554
1555
1140
594
1557
1558
1095
196
1559
1560
122
1563
1564
1565
1566
714
1567
1569
60
887
1038
1570
1573
1086
150
708
443
538
1561
856
788
1106
1068
728
297
1487
485
937
111
399
1219
169
1341
242
1065
819
42
1217
1027
344
1203
400
880
421
928
513
350
1094
96
1574
1024
1168
1575
1576
222
1419
1201
1087
649
442
930
334
1422
1179
475
250
268
671
56
430
619
1578
1579
125
235
1404
1581
770
885
129
1180
1053
363
123
95
850
1322
744
387
684
676
278
797
1163
1188
1349
1308
206
59
1286
67
1513
284
622
181
2
351
110
405
789
750
946
702
1104
1224
37
333
709
1294
0
491
1114
1582
155
1138
271
1222
839
397
464
526
826
1275
477
802
768
1205
306
1004
949
1502
1497
588
693
362
240
1556
1444
1005
1253
1013
1149
282
1536
1583
1584
1039
739
1568
1585
1587
184
345
1588
104
1589
1590
1591
1593
1594
1220
1073
1595
1596
1599
1273
965
616
1512
1580
642
810
1416
276
1468
1551
1270
16
681
346
422
105
1507
1033
58
1043
201
944
568
866
7
203
1107
290
864
1206
790
1376
1517
927
822
950
716
823
228
227
610
852
748
1097
806
553
1226
1119
805
329
562
87
713
218
795
1262
760
820
1032
1447
1600
1091
1164
1492
1470
1357
1347
10
1434
1105
921
525
165
680
781
1426
660
427
1360
1372
189
1045
140
972
1387
1484
207
260
445
554
1511
792
1532
618
1436
209
865
934
1455
141
860
420
496
995
1399
1305
685
625
559
608
358
1191
557
991
547
208
715
1340
220
960
669
1407
342
72
1292
1003
877
990
1312
901
896
1076
1098
1518
377
205
1058
541
4
136
662
911
311
1169
210
1158
249
17
216
933
230
43
1108
558
1471
1310
1301
1020
813
1398
383
1488
646
476
932
1153
1040
648
1586
1109
418
327
1501
734
103
238
1459
1466
1293
900
1390
787
1245
858
440
686
386
1082
570
783
947
312
632
1090
361
1257
1437
1177
886
394
171
1401
1503
846
163
26
113
259
497
1366
656
321
801
868
296
1522
772
705
447
672
691
992
225
738
1056
494
470
1142
492
45
508
1002
455
841
1327
1246
816
629
1572
1193
647
33
121
1131
736
482
1225
756
1047
1423
1377
286
1304
539
904
892
393
116
463
1046
998
574
1248
529
156
102
958
170
1019
809
533
1499
994
378
1101
1277
277
1485
468
146
8
38
551
1243
471
593
1494
229
1269
1495
1034
1469
1185
1311
127
1067
161
1161
759
815
977
903
769
308
862
1263
1402
115
456
1378
1351
395
1216
1537
451
1332
68
1175
1303
918
310
1427
507
231
416
88
1577
30
1384
704
504
426
79
1244
1519
799
1490
1562
1079
1381
1207
1289
24
776
1194
84
1113
730
151
318
1458
432
1196
869
267
1365
1283
873
1190
1453
1070
1199
454
765
77
600
179
1299
969
1462
719
134
1598
757
460
1592
409
796
62
54
502
1085
1460
366
69
1330
1285
1128
1406
824
340
630
1278
473
1147
319
414
313
1029
1136
980
677
1178
566
1597
192
1022
518
257
481
1413
999
219
1314
1359
1093
1227
1059
1409
1571
1601
701
1450
217
1268
1171
71
978
974
396
381
1007
1249
1602
