9863
8763
2022
9703
6303
649
8025
8434
6092
5787
9655
2947
1932
5658
5993
127
6983
1397
3208
507
9672
3801
8897
466
3780
344
9714
8973
4261
3762
2424
9559
8372
2663
5037
7315
3448
7732
4834
3277
486
3442
6127
2630
4634
4258
1875
5071
3420
3236
8545
2867
9191
6204
2492
8954
9026
7065
5476
3842
1906
7281
5402
5772
6251
4003
9851
4816
1865
6044
536
648
9230
8128
1991
5047
4282
4918
3977
3862
4025
5284
9229
4571
2958
5647
4845
4371
1231
1242
1560
1873
9847
3982
9372
6814
7586
3259
4477
5801
2391
6991
7690
1873
520
5657
9087
4155
7330
3861
6178
4784
7747
627
5651
957
2080
896
7277
2917
5849
7858
9138
9977
1727
3178
4408
1164
1572
3304
4219
1521
8203
1859
7194
5182
9052
4542
4910
113
233
4527
9223
6939
2628
2178
1769
8759
9023
6103
5878
1815
5930
3810
4625
1527
2014
9575
5914
479
9079
2851
175
8625
4665
1473
7436
1184
8503
6786
8469
5393
9658
1839
7122
3441
591
8192
1178
4636
2469
96
4642
7799
8679
5003
3917
8316
3465
3800
7110
6252
7982
4481
6676
1433
1998
3048
3538
5766
3493
1304
9733
2410
797
5386
9431
2410
5154
7416
6950
6869
7201
8012
7090
3683
4781
8903
2765
8479
5207
7183
6618
9549
4350
5150
1439
3696
7678
6698
2600
559
5924
7388
1920
2854
5673
9455
6405
8404
204
3803
6063
130
3341
7579
2167
795
1796
5212
8268
8948
1592
3012
9708
9495
1695
794
3893
7275
7087
5558
4289
2447
3789
2185
1357
3067
7700
5890
9789
7336
953
4689
8736
3461
6128
7944
6953
6109
7857
5625
6004
4324
6055
9516
2325
4521
1093
781
918
84
5792
6533
5802
8871
3038
3915
7545
3533
4038
3690
2568
9090
1763
8673
3427
1356
1371
3872
8732
2500
16
22
9430
1204
8703
5679
6783
7535
1001
8975
7360
8326
3493
9222
1990
3306
4838
4348
7325
7337
2846
4232
1338
6747
2677
7413
8959
8831
9538
7751
3730
8543
2205
868
4296
7069
3726
2836
162
9358
2629
8655
5076
38
190
7259
9496
4489
1483
5384
5895
8598
8850
2362
4415
7631
3372
3782
3705
9601
8815
3684
9120
3960
8553
4064
7294
7136
6650
9998
2900
8306
4154
5063
9512
7539
534
5485
9735
4723
1866
1945
1599
503
8617
8402
2653
1072
802
9707
8757
6136
5093
6118
8941
7330
6710
8148
7361
9968
6568
1040
9866
4043
9294
5933
4655
6431
2840
8432
7745
5841
5870
8320
3729
3219
2545
8783
3465
1059
5441
1855
7846
7341
2094
9382
6869
7406
1306
2657
3227
6912
9871
510
9723
8027
1774
3894
7608
5627
3923
4849
4336
6708
396
7962
2816
5132
3054
682
9312
6573
6567
857
867
8289
6779
4783
1909
7713
9331
9220
7649
1908
577
4478
4999
7294
3480
8411
9094
380
3230
4499
3364
1762
3759
7882
4730
4302
3534
6768
223
8177
8135
6862
3467
887
9653
1993
841
5785
4704
4497
4031
882
2727
1509
8182
7178
6345
1655
770
1847
8231
9036
7310
4328
2855
7285
2574
7396
8264
6198
2983
8972
8818
2745
6405
3384
1171
8094
9395
8713
3154
2792
5620
57
231
5324
6539
7650
1782
8138
9107
2490
8570
1800
8468
7324
2313
8663
2185
5602
9967
737
4678
4242
3154
4628
9801
9301
8324
8017
2439
4531
4983
6851
4644
7514
373
372
6127
2040
6827
1804
1022
2847
581
8993
2714
8044
7252
4758
7920
7370
9371
3738
4487
8679
3429
6305
7666
2438
1310
6767
4478
2507
1430
2229
524
3621
2099
3438
5906
4412
7683
2639
9329
8416
6876
5383
2175
2228
7327
1948
8488
9783
911
9625
8652
7932
3286
1719
3830
6893
865
5602
8236
3832
6357
8262
5051
6041
7763
8497
2484
8001
5401
1873
4027
7809
2447
2796
4161
2706
6320
9657
4736
3185
6679
6019
7873
6668
9264
3885
5205
3772
3843
818
1897
6101
8141
9200
8601
4886
9156
357
8391
3085
7167
489
9062
2090
5161
5416
5398
8632
248
6513
2089
3385
5825
3197
1808
2505
5188
1298
9407
7323
3442
3018
1934
1719
504
8829
6023
8628
5656
8989
7277
5739
1216
9932
57
6637
9461
1688
9803
3837
967
9050
3030
2174
4992
3942
3808
5853
9825
8619
4043
4156
5663
1751
9281
765
3079
5755
6734
133
1525
8286
6040
1271
4396
6652
3347
8581
4676
9166
1227
8321
9550
5326
1469
4657
8029
3585
1504
725
3984
9213
768
5582
5909
8201
3544
806
8140
5273
5769
3915
7383
2411
2901
1438
5779
5915
5248
7032
3796
9173
3563
4808
1115
6598
3983
7979
1454
7543
2910
7081
1565
1660
9851
6602
9419
1715
8606
2811
1809
133
1115
5240
5661
3631
2905
6501
9540
4053
7129
8910
8480
1490
7286
6562
1981
4198
475
9930
8760
2387
1505
4895
3509
6796
6653
4064
2699
2951
1486
1225
5034
4849
372
9607
973
7689
2732
7316
8151
2752
6160
5578
3547
9400
3722
9857
4816
5414
9805
8500
2575
8224
8833
2448
6177
434
8863
2365
5584
7259
1620
7548
7079
2286
790
5487
3840
3390
1787
9806
5775
9688
9099
2787
4005
8453
3025
2269
8847
8283
8614
3698
5197
1837
6629
3863
6219
6179
4781
8076
2930
7034
1557
5341
7542
1560
6475
9479
4519
4923
4589
4087
1078
5941
39
7602
4605
6147
6617
475
3943
615
72
640
1134
8066
1342
1639
1360
1279
1497
9461
5286
267
5545
804
5420
1252
9584
2820
1665
9326
5436
3949
668
1367
8938
2492
2815
5795
1490
3840
8945
3036
2773
2697
6171
515
6863
6945
489
8252
1610
2785
8595
2990
293
2447
5552
6852
7477
1264
9285
6267
476
7166
63
3154
4682
6753
7788
7556
6341
7054
3996
1990
1033
997
137
9222
1486
4289
4002
1390
5398
3549
1580
7771
2337
4823
4556
8775
9977
5138
610
4525
2055
7025
4339
8663
4467
5594
2296
5777
6000
1944
3257
7726
4300
7097
121
2340
8990
5917
5958
90
569
722
2621
5018
2956
4307
5743
2668
1713
2671
3397
8008
1556
6831
2683
7945
2874
302
9232
2276
6709
4100
7094
3586
6273
8878
1124
6789
1241
7460
9423
2134
1268
3368
1959
1159
4745
4566
4387
533
5530
923
65
7889
2581
1423
2009
3232
3619
4020
5782
9353
4147
3839
6144
6291
228
6997
1773
2561
4617
361
7677
552
794
7373
6581
8373
2317
5753
785
2151
8529
1359
5366
7343
4330
6263
4123
9932
9783
6375
8870
1600
4682
9002
7890
337
90
4112
7196
2263
9067
7971
9230
2375
7262
314
660
6900
2742
6039
5189
8794
7470
816
4008
4750
9369
9625
2630
7778
8595
5776
8157
7674
5576
1309
2947
6605
7177
9459
3965
230
8443
5910
4524
7485
4010
160
9384
550
3450
251
1029
419
1509
9445
2007
5233
667
4322
9199
8794
9384
4815
9437
5706
7695
8671
8629
7020
4821
7469
8186
5853
2845
3795
1019
5588
1291
988
1429
4340
441
6649
2680
4838
5750
2942
700
3994
3555
2981
1404
2875
2056
7695
2265
8675
9254
5355
79
9865
7359
5691
4403
8401
5486
202
9579
2672
3617
9946
3010
8780
4743
7278
5499
7541
3924
6478
2647
2563
4797
202
2270
450
5139
1651
6531
5935
401
7865
875
8434
5098
6825
6714
4619
9309
2929
6198
9519
2827
6460
1104
1149
107
1188
836
7734
7721
9056
7982
8538
4117
6041
415
9771
1696
1806
5135
7140
1961
4312
7297
7422
4856
9124
9749
3051
927
9677
6485
112
6398
4919
1377
5467
1555
9816
8088
1426
8542
8984
7357
9423
7366
3141
5805
4303
5074
2657
467
5006
9539
7507
8069
9942
5984
5821
7318
9249
5991
2342
2537
1422
3519
1241
9883
9741
8866
9107
4814
6851
5939
9055
3579
9936
9563
6124
9400
138
9762
6251
3092
4013
8263
9992
3576
3066
9351
2474
4313
1562
5764
9879
1892
5495
550
8666
6
7106
348
4247
1250
4982
8805
3917
2315
3520
3230
3847
286
8808
8228
6401
6536
2476
4703
6700
8806
6945
7881
2144
8097
6119
9280
9805
543
223
6083
8324
9160
8416
816
9226
6016
937
2281
5036
5920
1638
4227
3586
8327
1450
8112
7842
8035
3395
1217
6971
4620
3038
5500
5805
1357
7777
3980
2963
5555
2526
9671
2856
3418
9993
6593
3568
4869
7546
7649
8822
6270
6389
8556
7253
6819
6763
5139
93
5089
9877
9330
4771
7316
1516
9545
5753
3462
8032
1590
3156
3031
4660
4917
6618
3911
1412
2651
2213
5872
2659
1031
4499
1610
8864
1326
6392
4570
1920
4733
4343
3463
2260
4972
7148
7226
498
9632
3733
9988
56
3710
2040
7751
2182
1111
8365
1826
1065
1481
2766
6064
506
5436
7981
3273
3406
7538
7646
4423
5399
9399
6756
1063
5112
9708
3244
3673
35
6331
140
6182
8386
2691
5678
7824
4435
529
3275
1842
1360
6636
8428
3577
87
8973
3931
4432
2996
4985
1672
6557
6591
4889
7433
3303
4267
8503
5402
8503
9471
2999
5998
9294
818
2504
6877
3214
9664
4625
1364
6716
7522
1694
5748
710
670
8479
3946
3484
1438
3869
5923
8160
8823
8430
8490
8064
2136
1275
5817
672
8840
8376
823
5705
5394
9442
2782
7040
6049
3720
2241
7633
1570
619
1012
5025
4264
6648
5591
2589
2305
806
39
5522
5310
2240
9196
3041
9933
1715
6310
3889
2986
8506
2559
1008
7816
4647
8098
2480
8844
6890
4168
3690
9663
8257
5375
2553
5309
3786
4920
3971
4239
7311
9151
9239
7253
4807
1401
6035
2632
1785
1998
9340
2605
3835
5200
4362
6744
1696
8818
7093
1168
292
255
13
5645
2765
5207
8660
4633
4941
7492
8090
9516
4796
2471
990
5867
96
8884
5122
9348
382
1263
7960
6624
67
5305
7148
7587
469
7603
2877
1946
6173
8317
646
9900
6196
9957
35
906
9149
4797
9285
7538
6092
5158
8905
335
4369
8519
1097
6523
4652
8091
9438
9447
6689
9852
2177
2271
4850
7008
4166
612
937
6715
9607
8794
8896
4832
2259
7641
2738
2179
4765
3512
8892
4194
8534
7939
3342
6905
3699
2883
3862
6405
832
8601
6764
9269
5798
2182
8452
286
5509
9066
8195
9081
1618
6189
7687
7111
5705
175
2997
40
8612
9366
6302
6694
2946
6421
3357
6218
1406
5110
6060
3056
1430
8803
1288
892
9413
7762
2525
3467
809
2794
8649
5688
1964
6819
3471
6009
5910
3176
5347
1343
2170
782
2908
2799
1191
8677
92
6518
7997
3702
8445
2474
311
5010
7705
9667
8343
5538
6368
9588
3487
5702
3497
4219
6777
261
3726
9405
5610
4477
70
4408
8716
9920
5864
5861
6112
3443
1633
7529
7657
6927
8234
2190
6847
7686
5080
686
494
698
8411
3672
5210
1298
6907
6349
1422
6534
8395
467
8497
5700
7529
6210
2889
8856
6728
8176
7478
1125
8560
4912
4009
9639
890
8370
6506
7322
8175
312
91
9081
4027
941
5635
4360
5398
6422
6775
9242
6798
3983
9333
2177
2424
498
4156
838
216
1362
8514
1118
7548
2385
8201
5794
5511
5092
3610
4280
2310
4006
300
8852
5706
8948
1481
5272
5629
4009
7238
5834
1779
8358
3485
7835
2784
2365
9093
2477
7304
3450
6208
6666
143
8107
4397
7918
5265
3045
8985
8744
2687
7490
7976
8613
6360
4201
6257
4309
8009
2775
6490
912
3040
9751
8615
1963
7128
7180
6673
7192
8898
2068
6275
8186
1029
8210
1074
4504
5785
1015
2630
7679
4210
2689
8096
1789
2967
3342
148
3681
9743
3250
557
6214
6340
3186
7219
1785
3783
215
6895
4042
3356
8529
8392
1091
2864
7816
5498
3267
9642
3933
569
3632
7248
5694
3947
9268
374
8782
7258
5166
7643
6072
3571
4114
4035
5708
3024
723
4637
33
1774
553
5465
7987
2148
9238
5403
7274
1280
8702
2151
4319
7286
2720
1654
9370
6038
4792
4378
3920
8646
9390
4272
1622
2649
7725
1424
2255
8641
9717
3900
6639
5064
1348
9836
4302
5153
5875
2522
1946
3707
1265
2299
192
2868
6173
5823
376
3986
352
9524
4262
5637
5054
9897
2215
1946
4532
1308
2627
2629
3508
3397
9851
3321
3723
9070
382
1434
9850
3067
7244
3654
4873
9526
6323
302
9604
6568
9638
3045
4179
355
5569
8566
9800
9384
1184
17
421
2381
5072
5962
8313
5263
4971
6714
148
4945
1376
876
9186
4477
4764
3285
5245
8657
9882
1889
4360
1654
6236
9309
2001
1364
7439
8533
4206
3806
9050
6021
4673
6437
7145
5062
852
3532
5336
9784
558
3358
3722
4692
6688
6915
5785
6796
3724
6129
5561
1973
6971
3893
2515
1395
7474
7567
6900
7427
5842
1489
6282
2705
7886
1983
8170
7540
3011
2043
3296
1761
2440
3689
7717
7780
4508
1344
3332
9626
1252
6992
7225
6165
767
4583
9279
3261
1613
3564
7526
7766
9
7991
5315
5577
592
1412
5697
6364
581
5822
2883
7936
2780
7763
6275
7916
6443
2640
538
5388
3025
9033
7463
5786
263
2062
5814
8424
4649
1103
2057
9731
3025
1560
1827
5068
6652
1466
8017
2765
2761
424
9797
7678
7327
9530
15
5559
7515
4557
5482
8983
1142
4515
5020
4991
8751
2310
7895
9069
8021
9518
655
8995
3777
4384
6502
8632
6692
2907
342
1260
9682
1412
549
7243
4228
7755
4122
9993
9700
1265
2345
5401
1683
3201
1091
7196
715
1814
1529
3861
9721
9458
3549
6018
6749
644
4687
9238
2128
2459
8362
6708
4200
4230
6391
7619
540
2099
3293
1810
6524
9677
7898
179
4497
6230
6144
137
1771
7198
6512
7877
9396
719
1446
5142
9606
8738
721
9052
7978
3362
2294
1098
2979
3572
4269
6730
6226
6739
3779
562
4042
4022
2586
6542
3891
1739
1971
1424
2439
9026
7787
729
1909
523
7639
2444
9395
2155
4655
3221
5356
307
9704
4587
8628
8893
3562
8066
6452
1152
7701
2168
3068
4096
5151
6471
4707
7217
8351
8811
9945
6951
3571
3413
1690
1350
1254
317
2393
3027
5839
7841
1625
6612
1474
1252
6568
9246
2596
8418
8959
8570
4013
6356
7783
7168
9693
3758
547
4294
1442
5638
8079
4901
6199
3989
469
8445
4347
278
9192
6825
3536
2656
9767
8141
8370
5797
5279
1096
2473
4137
6190
8775
7817
1467
8256
8345
583
9197
5471
3174
4875
3942
8281
6458
9634
9194
9369
4322
9956
5037
4046
8518
5943
956
476
440
5295
2028
1709
7732
7933
5956
6804
8960
3327
6291
7059
5850
774
8633
8770
5058
9361
5472
9242
6848
4826
6242
3059
1383
3449
7196
9260
9554
8863
6040
1850
2536
4407
8685
2042
5123
118
323
9612
2895
6731
4375
2596
7257
7560
4875
5750
5088
730
3108
7704
3793
554
5774
5374
5670
7752
8965
9490
4032
8508
5797
5607
4624
3436
2425
628
4092
5023
1795
9319
9722
8062
445
5721
118
7592
1855
5588
2006
2588
6469
382
3348
2619
5568
1774
5179
8200
1099
2255
3710
4437
8023
8125
1626
2568
4580
5030
8271
4731
6972
5490
9942
6258
5940
8330
879
3206
1555
5617
3866
3333
8155
8785
3256
906
6086
862
511
6764
2326
2392
4054
9019
8571
9606
2559
906
2583
3330
5094
8770
2452
8659
2226
1143
8358
9651
2378
6917
8494
2486
6522
870
7610
8266
9133
5288
1338
1847
3846
6991
9529
4136
2648
8127
3132
7060
701
5174
853
6224
9492
3736
2473
6716
6569
2452
152
5032
4193
8674
6358
1093
9788
6128
5778
6691
9228
5737
3157
653
6943
3480
6290
1908
3289
7905
580
135
3079
6234
2078
5399
5129
8216
5678
4026
2655
1815
278
2955
9876
7548
6094
7175
8881
5057
431
893
2577
3227
6329
5497
1887
2293
7251
9267
7
141
3008
7259
6568
8282
9097
6110
6369
822
5163
9259
9555
3409
5259
728
5444
2352
9352
9414
8842
2938
4616
8767
6273
7259
4278
7672
7250
2890
7940
9199
7930
2950
3103
2232
9347
3110
1066
8294
5700
9238
3299
4631
9649
9820
3384
3920
1509
4326
9535
4207
6730
2834
720
3069
8543
8410
2180
6164
6880
9450
9915
6541
7011
631
3350
4247
591
8617
6393
6093
2505
5205
6239
4197
3776
4755
7949
8217
9837
2595
8456
1529
1027
9652
9327
6989
8946
4440
6964
2522
4284
6175
8093
8001
7342
3418
435
2103
2154
628
812
5364
7681
6608
2520
5007
2033
4251
7081
3710
3724
3752
4901
1411
475
6237
3410
2788
9203
7585
3700
6244
488
406
8693
5965
8047
7294
9750
9894
1740
6202
7982
7524
8962
1745
2736
6755
5034
469
6027
9557
1963
5679
6831
5219
1336
9944
3817
8176
7845
687
6060
2793
5665
2387
1743
4047
5933
2121
4229
5930
9575
7927
880
7712
3838
1972
4349
7712
5219
8044
1306
3034
9365
3511
6459
1045
8561
4762
9356
5792
8062
9010
7922
3715
6846
9006
6665
6339
3873
3529
7377
535
9948
1120
6783
7453
9969
9870
3297
370
8009
7274
6477
736
8950
1906
1501
4921
9718
9447
5118
619
4518
471
3260
8502
8035
951
8471
947
7005
3486
7642
411
8949
3520
6999
7954
9268
6170
4659
1607
2011
3912
3747
1377
9379
8903
2645
3871
6295
4730
8910
8538
3830
7456
8094
6330
6766
6584
5843
7396
6063
2924
503
1194
1568
4013
8515
4976
8970
6478
3221
6
3054
9545
5271
5101
2784
4236
5177
1043
394
5448
6969
579
2162
2409
9704
3435
1560
9459
1278
3860
2790
4794
6996
3653
9512
9726
2143
6141
5003
9565
8747
8899
5426
7864
4813
8419
2906
9525
8428
4013
1549
645
1280
4557
3829
3159
4855
5827
623
1557
6713
9062
4877
4868
2003
5591
6703
1488
6170
4048
1519
3772
6661
3884
4813
2249
9846
6559
7410
1000
1428
6293
8011
9538
8095
6329
4171
220
6956
6674
3282
5757
9562
3882
2622
3433
8355
4891
5851
4069
1199
3437
8652
1651
1604
3359
5190
7900
9408
4659
3200
1470
6520
1402
1414
8759
1749
2501
7931
7980
4264
3088
8237
7551
1017
6640
3730
4928
5201
7604
3545
1597
1703
1457
8779
5164
9255
9252
9757
3420
4380
5636
7409
5167
7445
5686
6838
3907
9039
8866
5803
6686
6140
8318
8376
6624
6799
9740
8781
8142
3401
555
9784
3033
4296
7940
6211
2123
1388
4376
1830
5349
2908
7922
8419
9292
9953
1017
474
5541
7051
6037
1717
388
2887
8713
17
4020
6754
2645
5444
9727
3790
1337
5399
199
637
6264
3545
1134
3002
7407
8655
9861
6134
9027
6476
1148
9380
5115
9687
7742
4059
3994
220
3830
7026
4209
705
8140
4022
1278
8253
3801
323
2416
1823
2035
3604
5544
7919
5551
3505
8363
4271
1309
809
2772
7102
1907
6936
1524
6537
2766
8380
5368
8971
6381
9643
78
6689
4470
2906
8311
8729
7000
8868
3667
4529
2445
5458
7723
4967
6057
1075
3319
2974
2352
7577
4385
3307
7622
5081
4656
5148
3955
9210
909
1471
5445
6129
3631
7115
349
7873
8708
9160
3821
8986
3577
3609
2494
2731
294
538
8886
4168
8952
532
2475
5814
9062
4172
8228
4532
751
4013
5666
887
1458
1852
5595
4419
1541
8072
3825
3526
3989
2596
2566
1929
9762
9860
8312
5237
9806
2232
7946
5738
3876
2792
736
3928
5071
6662
5911
8242
2063
6309
6126
3384
9981
2913
7356
3122
9795
7579
9495
2646
2233
87
5629
381
8989
1625
1253
8617
2349
2761
9673
2200
6937
2844
7718
9931
1348
4114
1103
2382
8819
7161
1263
9722
8972
7225
9605
4613
8725
9017
3852
7524
9516
6650
9076
7215
2416
6780
1810
2478
572
3038
3076
4726
709
4550
3980
4885
4614
5500
4242
392
677
4036
3727
8195
8627
8687
7529
2145
4904
4102
285
9241
6145
5108
1244
3791
7018
5887
9763
492
2446
211
7608
4257
6299
6813
7972
4564
3819
9958
1142
8151
3472
8607
9078
4960
9672
9632
4162
3766
9733
7536
1994
7858
6742
8635
5610
8744
4591
6536
1558
2293
4724
5019
7990
3686
3408
643
7194
545
1020
2752
4505
6389
5407
7940
9247
4046
6525
1853
603
732
1688
1011
8758
2114
9522
830
4036
2695
7047
9460
4989
9656
5285
4016
9632
5175
5582
2290
8330
5178
9955
202
6495
2549
1865
5638
727
1442
6135
8272
5687
6607
7933
1825
3771
6213
2404
7662
9409
9598
1848
7948
4086
8663
2670
8422
7262
6935
641
4259
8079
8250
8921
8641
968
2024
4240
317
1664
7070
8303
7373
2570
2806
9738
3312
7037
6389
2272
7465
5296
2376
6843
5134
2195
3450
1887
3227
7724
6891
7616
9055
3817
3547
6395
7006
1247
3808
3738
1455
7577
1475
4030
3935
2883
7953
9673
6256
3637
6925
4718
6245
2205
6167
1061
2417
7129
2571
2767
7466
8326
6582
4237
2587
6201
9623
8453
5065
6185
2425
99
5247
1516
5235
2869
897
5487
4634
7691
7405
6112
6354
9997
6321
7775
2792
1544
3701
6810
832
4599
6525
4698
9635
2724
7101
4178
1926
9138
4422
8739
6627
7366
2957
6273
9588
7957
9386
8590
9568
7613
3552
1498
2944
10
1678
4117
2925
684
395
3726
4490
8316
2260
5140
8074
3291
3319
7816
1881
7987
9546
3315
7833
2118
8318
4175
7568
1756
475
1513
9727
8024
5512
2577
8687
1724
5011
6047
8489
7626
2271
2163
1815
3218
2232
2165
697
8887
4190
4290
1670
9643
8615
3885
7195
5821
5922
5682
2057
1072
1625
7581
6494
3506
3440
9315
1681
2690
8948
3120
6770
3906
8270
165
2910
8402
1653
2765
821
9701
545
4590
9341
3594
3847
6884
9771
3928
7612
9989
2990
8287
1477
2846
7451
973
8503
4934
4423
8911
6145
848
7768
918
5689
9155
5436
3905
8503
4594
7431
7490
7858
849
8387
3750
7996
1076
4779
6527
2020
9817
3747
1641
6852
683
9482
6605
1976
5772
4433
7110
8287
5091
965
8665
6767
6433
5583
8736
873
4603
6601
8590
4967
5557
8837
1579
1021
4816
1647
3926
2528
5378
5146
6239
5422
1033
2785
7118
2117
4412
1808
9229
8092
5756
4450
3928
7526
6613
4121
4627
2419
1695
2389
8075
1680
1542
7161
2185
3950
2126
840
4251
5009
3022
4774
9881
9034
286
1553
6942
1039
7021
5872
2188
5834
7356
18
7865
7481
3837
7282
9616
182
4838
6902
9858
9843
6175
6378
2533
1068
2044
2927
4837
3175
7681
1469
5740
9521
5016
6910
9348
3002
1083
2085
9862
8053
8193
832
1308
8483
5544
2694
1390
7105
82
9471
9221
1467
6749
1917
1882
3469
5632
4809
287
9888
3702
9654
3103
9898
9296
9147
2115
8931
9572
4389
456
5617
8316
8702
1916
7833
9088
7933
1438
3900
5630
8972
3044
3921
4774
1808
7743
8555
1441
9875
6601
834
1509
3423
3284
5955
5346
1120
6637
5264
9917
9684
8508
1722
7513
1473
9047
316
5390
1268
8974
5022
7836
4574
8646
6759
9817
7572
6488
6085
492
1802
6125
5514
3542
1804
8785
3851
5991
9622
1053
6373
6091
91
165
6522
1243
9870
8401
8420
220
3277
4248
9324
7505
218
7809
3930
2410
1451
3651
5489
8798
7561
5142
3531
1806
225
5073
3295
8606
9076
9703
5203
8022
2166
8192
3910
5531
4919
7654
3609
3490
5216
3778
472
413
3128
2690
5583
7137
2540
9176
5180
2240
7641
4680
4041
1539
8145
8619
8316
2264
5759
2245
5323
9150
3114
3459
8636
7844
10000
4867
9843
8805
3456
9866
9370
1394
861
824
1033
6101
3339
3190
7248
5025
8738
2442
7908
4633
7440
1940
4166
6478
7667
5207
4936
4870
3642
4963
8815
218
7787
9098
7858
6572
5908
4597
4682
1134
6638
1298
4653
6005
8024
1002
9312
1666
4298
1882
3467
1395
2294
2314
3656
1050
5704
8465
1373
134
2704
4498
2896
1479
6008
5431
6225
9695
3811
2632
2271
2472
1524
4499
7066
8451
3665
2337
2535
3371
3247
8020
2062
5223
3816
1932
9966
8192
7316
5167
4349
5475
8469
229
1338
2670
9097
5519
1617
7432
2563
5064
4619
6172
3082
1992
7955
8016
2948
3902
3488
6261
7327
3135
8985
632
5617
1709
1423
1064
7953
4052
7908
1530
8902
7978
4132
5414
2543
6316
7456
4383
3547
3249
5740
1514
4684
7311
1696
5930
4039
1999
6727
5321
4950
6553
1836
2242
4774
3902
4007
8519
4325
2960
3631
1689
2491
7944
3078
3833
3157
5497
2962
4591
5575
1651
8094
3064
2786
1385
7673
7489
8040
2047
9269
1854
7043
9538
58
1523
3908
2481
6325
9533
1295
6401
950
1226
7420
587
9415
2435
5078
5454
2478
4633
1836
1593
6038
3921
5760
1056
5556
2058
9288
7060
8809
476
8666
6696
5308
8129
8464
9868
6881
6529
7493
3353
8983
4971
5295
8356
3058
1953
7433
4500
8503
8989
157
4280
7499
6863
8468
4378
3224
5029
4575
9126
7853
5922
7342
162
4729
7500
8937
1986
8828
7201
8102
7573
9211
495
8527
3064
8816
3586
7067
1703
8097
7401
9382
4192
1418
3655
1330
5001
789
2648
1205
7842
6180
5805
4790
5083
6060
4215
387
1492
4631
6359
4484
7408
4152
850
2218
686
4752
3205
2290
3379
2284
6952
1310
4671
5272
4837
8002
7239
2307
6641
9937
4539
4058
8753
7180
2981
1781
9147
3163
2652
843
9544
8517
7266
3356
2609
1886
1606
9868
5835
5968
7572
981
3956
7411
4757
9077
8353
9476
1563
3095
380
7518
4958
2503
3773
5657
4099
249
9843
9279
513
1883
9995
9996
3546
2189
7074
1173
1528
4474
6534
1152
4684
635
4189
5550
1721
6726
4080
1830
5455
5035
5698
2546
8806
3674
2591
10000
3012
1949
5137
6531
9720
6878
8999
4536
6796
8185
4658
506
3915
2783
5635
7499
1961
5654
335
3604
5310
1446
3371
8523
5790
9986
7779
7999
8519
3146
6735
2506
9750
5214
3875
1073
3302
2368
5256
3189
2343
4834
1351
502
9513
3197
5465
5813
8985
7120
5543
9750
143
3912
7855
3732
5478
7571
7954
5137
6335
3417
6535
2596
5233
6256
4362
1589
6753
2199
455
9826
5943
3627
2959
2799
1086
495
3758
3995
3471
1311
4916
5391
9385
9064
7790
4316
5488
4114
4113
9091
4816
6859
6209
3509
9935
1235
5990
3109
3337
367
1004
868
1274
5907
365
7309
3695
6096
5600
6544
3519
6967
9444
2679
6679
4918
5314
5705
6401
687
8853
3519
8586
651
7139
5040
8319
5660
2747
2607
9580
5382
9628
5467
4947
461
1313
1238
6159
9068
8372
1741
929
7248
5097
6841
4083
9469
1616
758
302
6182
6742
7213
1339
6548
5340
1897
2521
8251
201
5413
5112
5321
4754
2039
94
3890
4337
9045
9062
2907
6906
9532
1706
6164
40
1262
5880
2014
4532
2622
716
9762
7270
6865
1795
8348
5433
9849
7902
2875
514
656
6923
2801
8230
4212
5826
2183
8068
9532
8633
6086
2974
7390
6247
6385
4520
8889
1795
3104
2565
8787
2850
4446
7995
1642
29
3888
4122
6527
7292
82
2609
854
2232
3527
4365
3456
4758
3184
24
3232
7213
3978
5284
6406
975
5589
6779
1487
3850
1596
6832
4431
8861
5468
9610
1813
4706
9759
2192
7668
7458
547
1151
5194
2791
628
1000
2746
8596
9411
7087
7346
8957
2053
7255
2451
2922
149
7207
7400
8272
183
7435
6931
6924
7489
3944
992
5738
2790
2484
6455
4681
3576
3006
6869
6735
7405
3450
9722
3116
8310
3410
9422
9434
3096
5440
661
77
5958
5697
7157
9556
8218
8355
7747
7881
6644
8059
8107
6586
9144
8073
9250
5740
5359
7032
8906
4606
5584
1658
3300
9716
1594
2544
6162
6006
8091
7247
4400
7234
1920
7250
2952
7382
9025
9759
6890
4175
9178
9073
6749
2007
4477
3472
4161
5728
4701
886
2797
2503
6199
2542
7877
4427
5216
9989
4560
9880
9134
7258
1038
119
709
2259
2706
6277
7816
2763
6252
4923
8224
5984
6253
6483
8139
6240
4670
8259
2502
3793
4375
7552
7200
7913
5717
3240
4534
7828
7735
2155
9806
5517
9476
8391
4249
3339
2221
4434
9765
2590
1232
917
1865
1695
1870
5780
1286
4162
9348
6503
1299
8458
4383
679
248
3700
2130
5902
4824
8466
3696
5530
7037
4436
9033
3302
4074
3558
9543
1436
3895
3575
7923
665
1042
2486
4804
1134
1592
595
4586
7215
129
3737
8871
2450
9864
1458
4548
9708
8420
656
6188
5965
3621
4368
8354
6600
5806
4951
4298
876
5752
199
4965
4081
4059
1657
6709
9946
7981
8671
3982
571
4715
5178
8332
3814
1506
1377
8322
6839
8081
2855
9553
3509
4345
2415
1774
798
133
9703
3754
8069
7480
773
7797
7843
2588
5955
8294
2261
4701
549
8605
7383
5500
8612
6246
6314
8459
7628
3625
902
1840
1384
8575
1920
1422
8500
7056
9746
829
3367
1781
1188
2082
7286
8756
4532
413
6098
26
7827
9967
1755
3001
7173
7012
8094
4306
7191
7665
854
6784
5039
8585
7156
899
1207
5343
1947
1783
7526
6675
5431
8528
2766
29
7170
7583
4967
9541
5801
7309
7589
3794
5102
552
3618
5274
7776
6304
5015
2388
1623
4215
8138
628
9778
2829
9580
6192
9013
1999
7946
5966
6204
395
4054
6353
4999
3185
7320
6397
6403
34
6581
1101
8806
6228
5309
5531
1169
7333
8219
4517
7361
319
7103
2463
3219
7285
5621
5470
4361
9279
5764
2462
7311
4501
7330
8228
9213
1338
6359
6788
3171
8833
8724
6775
1414
2726
5022
9669
8902
3395
9530
1448
5162
9781
5216
4025
4562
1669
9436
6232
6832
5874
299
4398
2938
8741
1712
7366
452
4655
5484
6252
9908
6600
57
2528
4782
9262
1705
2666
8916
289
4461
6683
602
361
2059
3063
2616
5985
3296
6770
1589
6164
8743
7600
7424
5745
452
1352
3238
5457
8891
1893
5530
8881
6194
6760
4018
7561
3918
4411
5406
7673
4686
4843
6014
8008
1823
4983
9215
6202
7974
3156
9640
5223
9558
758
9152
1403
3801
5987
7224
9199
154
6210
351
2578
2409
2614
1160
4319
7341
9448
7787
6970
7160
6510
9304
1503
7730
9490
1296
2635
2172
5594
2486
5456
5996
7637
5202
8050
800
1880
9821
6662
95
6671
4064
5547
6005
7985
521
7484
485
4541
2939
873
4982
3443
3422
77
6475
7254
5119
3389
4115
4612
2888
4914
2234
4768
5591
3863
8115
6891
7222
1169
4579
4769
1775
7186
6212
8442
4998
6503
3612
3214
3668
6184
8355
1424
5914
4379
7219
269
8136
9234
6275
5512
815
7799
3460
7683
4521
2741
537
2401
8913
9500
6462
5264
4948
7279
3981
7400
1406
4763
7825
5258
3179
4019
2342
2584
979
4386
6198
6689
530
418
6212
7180
6214
8702
7021
3854
1802
2811
9783
5439
7783
8909
6490
732
333
2875
1220
7145
6789
364
3080
2316
6162
8347
4008
3606
7322
3646
6496
746
7691
468
4833
2002
3323
6989
1415
1241
1527
68
3805
2833
343
476
7373
4209
627
5970
2063
4429
7021
9404
4061
5506
5152
9558
7047
7259
7550
8111
3830
4563
7054
5380
9612
3380
1978
9814
4690
7599
6888
6774
9082
9582
3752
1808
4666
8998
8028
435
3686
5229
3000
6435
251
1758
2635
9343
8861
7679
5815
4823
6933
3976
9749
5272
67
452
6454
5799
3322
6695
923
4687
9188
1587
9261
3613
1515
6558
3052
8263
6399
8928
4098
4416
3520
720
8699
9134
9845
3985
9950
5803
7940
9551
381
3391
6535
2844
9893
6998
5169
6808
4166
8957
9686
1804
5294
5653
1951
271
8713
7722
5700
7269
3668
2861
3988
6767
7712
4861
8077
1452
3047
1628
715
4138
7675
1663
6244
7702
9794
4547
7196
954
4585
7470
5118
2229
1025
903
7592
5461
2512
3851
5534
2589
7103
7071
444
6931
2274
9033
7573
8710
4948
6641
6479
7968
9316
1545
9856
8295
7470
6418
5675
2657
3504
256
491
692
3405
6446
3632
5425
5730
327
1414
6112
9085
3746
5151
5981
7123
6855
5238
6516
4905
105
6063
4395
8783
4576
8850
2317
3710
5359
8808
7876
3852
7943
9377
7327
1729
6935
4698
8648
7184
3782
376
4120
8028
1012
3567
7383
6378
6352
709
9489
7651
8971
7121
4427
214
3373
1398
5376
2277
3074
5535
8418
8946
2504
8092
992
9878
886
1707
2274
1049
5913
6497
108
5875
351
190
744
7351
6783
6189
9829
797
7165
3277
4075
4859
6564
5901
9701
2839
101
6967
4491
6228
2385
4805
3990
9058
4048
9788
935
7211
5379
2059
8908
1050
2379
9326
30
3798
9342
600
8172
6372
626
615
578
5292
8201
3967
9648
4226
9962
8246
325
9472
5333
2622
2493
3976
3102
2996
9713
7672
9916
6903
1151
1207
6169
4448
8232
9887
814
1480
9802
8764
7283
3360
3584
2778
7059
6842
6396
9184
12
8785
4489
5585
5066
9019
2988
7471
1121
6580
8325
3865
4276
753
110
3688
1504
1086
9204
6958
7659
3029
3976
420
2317
7217
4189
1773
6625
7810
1794
6966
124
3305
9973
3214
5075
6752
5364
3196
8405
5792
2053
3196
6864
3438
2638
2252
1946
692
9053
5235
1980
360
8255
4554
2210
3835
786
687
3302
5714
4658
9962
6423
7118
5512
7520
4602
2198
3596
5220
3689
9459
1231
261
1718
7963
5711
3485
7702
4091
1006
2748
3340
623
7200
6832
8782
4119
3376
6527
8988
490
392
1784
6795
2187
9710
122
5413
1590
297
408
4546
4694
3034
6548
1994
6200
5738
3646
2169
8836
8711
4372
4719
5939
6560
8950
9496
431
6587
2238
6471
804
5900
6139
2309
5084
6799
6897
7511
8656
1308
3840
7604
3230
7236
3640
8387
1126
3162
9326
1388
8160
940
2067
6131
8150
2186
5741
562
6069
6655
3807
307
206
9829
5990
9126
1960
5321
8185
6113
3445
8299
2586
7901
4451
1943
4548
4445
8415
4249
3733
8292
1062
5931
1701
3230
5729
5559
8537
6372
7036
7811
6097
6212
822
5367
2498
7994
9641
2418
3215
1094
5885
4710
7571
7082
4711
9213
4848
6815
3620
4636
6395
1133
1492
5364
8376
7289
9638
4316
5986
4656
4795
2213
7549
6033
8902
9653
6865
1287
7547
3596
4831
3447
6425
1878
3950
2360
7300
4700
1336
4921
5827
9924
7487
3602
9521
9918
2836
8402
9457
9892
3025
3057
1067
3256
6999
5737
8773
8479
7450
8879
3510
3622
9000
8252
9682
9147
3567
6550
2124
5636
5168
6199
8362
2713
6315
7131
8341
4853
1133
8959
8281
9689
6580
4489
7332
5375
2926
1881
7190
6234
1216
7242
9833
3984
2135
2392
7519
3242
9117
2347
155
9728
7294
8728
2404
66
3712
3010
8709
7506
785
6636
2446
9107
995
8641
8167
5483
8245
8937
110
8673
7387
9141
9795
7854
930
9078
9314
1442
517
2788
3627
9035
7413
5750
220
6968
8797
3100
3921
9380
2068
6050
2864
6625
346
9847
3608
3055
9654
5036
4493
6861
5725
5357
6440
6769
3124
1686
1345
1581
8501
291
7059
4369
2791
4781
5720
4999
3770
3541
787
7244
478
7010
4628
5734
8997
3998
453
9548
9822
6930
8000
3701
435
994
7986
1054
1437
1071
7402
9596
142
8686
8039
4831
9420
6657
2214
6494
4457
3104
1886
7111
4114
9446
8562
3020
5403
9120
6921
7707
3321
9594
9337
5390
7342
9458
5057
854
374
7386
4430
4744
9541
4962
1786
2916
4053
453
9774
4408
4955
1164
4057
4071
3423
5826
9376
8994
185
3932
5360
3579
7888
8796
5350
5232
8878
1575
4164
2007
1659
6519
4806
5769
7797
3669
8167
1373
6213
6370
402
8338
2989
4481
9902
7745
769
1746
5890
3012
1268
2713
138
9118
3276
4582
4487
9024
1174
2839
8594
5146
1359
4222
2506
1311
4737
5413
1038
3704
6123
1993
4281
5218
8715
6644
2639
3058
6363
2881
8032
6774
3185
1262
6211
1173
9554
104
4389
7330
8660
2737
6221
7985
1422
5496
7336
4790
2161
6453
8403
4054
5802
853
5318
9836
6468
3256
1373
5658
3615
6751
4737
2006
1815
8404
4251
8112
1616
3145
5580
1513
928
9484
4986
8068
5007
9513
5867
2344
3887
1146
6572
5839
4759
6924
5555
1423
2178
6437
1682
7111
8716
4571
8364
8582
5976
331
9547
8874
5176
9316
507
36
3884
4679
2012
100
5847
1755
2911
5356
8780
5869
9990
5330
3120
291
5482
6853
8336
6057
5995
4952
3812
940
6386
421
1724
3672
3019
5042
3178
4773
3480
8495
9766
2134
663
1401
3262
8838
8191
5408
9789
9345
188
2017
4814
9044
347
6750
3207
3559
6440
6982
5522
8350
1699
3073
7836
8862
9012
3172
7780
1127
3215
1483
5764
9596
1044
3239
5895
5564
7239
1650
8282
9838
8731
9859
8585
2341
7569
8418
1773
2145
8798
4078
5724
5492
5308
2921
3753
839
3279
3086
7307
1359
8208
1370
177
5043
9591
397
4614
6187
2123
2044
2748
1183
3548
779
7495
6169
1986
6237
6376
6177
3033
1373
6062
9815
7959
6076
5521
7600
9349
6440
8626
1651
2482
4854
8805
2086
4007
704
3138
9643
1609
8653
6011
1234
570
2637
5370
6781
4504
9289
298
3304
9615
3371
969
927
2877
1427
7851
6440
9619
8654
4049
688
6408
633
8578
5108
4468
6949
572
9208
8290
9033
8908
4370
7147
9672
8565
8676
6708
4035
6222
8698
6717
7095
7149
9896
2300
4902
4536
4051
3890
7766
339
6420
2508
8430
2193
5326
5363
6648
9899
6270
5082
9269
2732
6270
7592
5839
4214
7970
6329
5041
98
544
6873
9257
3397
5296
2673
8633
4011
8469
1567
3980
7310
8062
1558
4322
6639
5327
3837
3083
8309
5700
975
9664
1811
9678
9353
3450
8386
1651
3008
77
9280
269
878
6577
1139
2099
8448
7050
6366
3061
3599
8951
2138
9316
227
1077
1667
2358
9127
4360
9474
7115
6228
2247
907
6992
3951
8447
5217
1110
1323
9753
4290
8240
6201
7640
2155
9799
5412
1085
7314
6860
4700
4694
5762
3020
9102
7819
516
709
9537
1719
5705
7371
3155
2319
8647
5574
2685
1835
7010
5139
6349
7986
3840
3311
2392
1694
4051
999
4500
7084
1267
1476
5656
8827
9338
5801
6149
8803
529
7643
7157
440
841
8061
6712
5956
4154
1631
9127
7978
4315
944
8246
6983
1835
7394
1664
3540
960
6555
1367
5254
2215
7544
1528
8418
794
3421
8418
6258
513
4757
3965
53
7209
469
2579
8238
5250
3428
3434
5060
7968
6061
982
1447
3380
4006
6505
5498
9052
3041
1225
9967
3978
5325
9403
1966
4295
4118
6827
5664
2184
5657
6626
4795
2567
4071
8482
1088
2626
4097
9654
9742
5004
2385
965
7085
5081
6390
6251
2663
9696
938
5586
6430
305
1880
1851
2303
1808
9147
1716
182
4844
958
1661
918
8993
6515
1264
9356
586
2999
7699
4187
9335
7230
3803
9662
2625
9100
3162
5389
4480
4292
4373
5612
4232
2000
2945
6629
4920
5523
2694
4405
7507
80
9550
5883
645
3492
4709
4001
5286
2771
2046
4538
6616
3868
7483
5704
1766
4406
8942
1376
3673
8427
9964
7817
594
56
2257
8830
843
907
5561
7433
7154
7742
571
3100
436
92
5080
5629
7446
750
4722
1347
7769
8533
610
7214
5447
3824
8139
7227
9320
8722
282
9062
6794
9564
3830
8341
8004
5891
7802
74
2312
2547
6087
6421
8647
5789
7859
1691
2085
4986
5023
5781
6755
8504
5388
5949
2324
9946
165
8803
2231
6039
9240
3263
2160
1807
58
3592
9611
2874
900
5704
2052
2306
130
6292
438
3103
5774
9278
714
5987
2885
3483
7248
2709
7065
3815
2558
665
5496
878
7743
4433
8596
9544
7202
1768
4017
3364
5404
1542
4614
8960
5250
8630
7768
2351
929
3178
1903
5641
4680
379
1440
6181
810
6246
9635
2486
7866
4896
8578
8435
8008
8211
3055
5478
4075
290
1349
4022
4603
4327
1866
6555
8513
4587
3325
6257
6
7298
7554
4328
1514
5992
3970
7006
6659
9992
2743
1050
7628
6237
7401
9875
6959
6475
1090
7927
3387
1484
8105
4933
2025
3331
8756
7827
2882
9959
6419
9776
4091
8238
6453
5569
3026
6483
9487
8934
6615
380
4259
754
7501
2652
1524
3789
7348
9017
7945
3739
6346
9844
2184
3949
5104
6801
1449
2925
4484
707
8980
6674
9856
8921
1256
900
8616
4808
846
7087
6866
2806
9018
1131
502
899
2234
9595
5581
2297
6784
7795
8795
5333
9140
294
3105
4714
210
4345
4447
7606
7211
2223
1302
3691
7081
8063
7957
5102
4978
4990
1808
2810
3324
8919
2217
5189
8459
9411
2491
563
6884
5131
6799
1515
4311
5885
7138
9477
7981
6311
7224
3194
818
4123
5405
8883
833
3559
9328
9203
2966
9275
8096
4796
5557
1901
5445
3543
506
2369
8938
4369
4106
973
9081
7284
891
7902
2208
2474
1126
4209
4451
5966
2211
1709
1587
1905
2017
1387
5231
2211
9959
4573
8286
4503
7235
6768
291
4608
7946
2689
3312
2683
3567
1341
2129
6552
2376
1283
8062
2036
4116
5228
6112
1487
8485
3401
5764
9955
1861
8401
7561
1169
6961
433
7668
3342
4491
3763
6728
9175
6840
6018
757
4554
8528
3617
100
5069
646
7603
9330
4974
747
7060
5404
4958
1395
8834
7883
105
1219
2689
6193
2250
6844
5923
2636
5357
5044
8794
2949
3627
6822
2879
9568
5447
5328
3820
8685
5617
512
9783
4140
1414
9553
6223
2513
3813
8919
3286
4896
6709
73
4968
3353
395
7290
6260
4396
6934
7744
2541
3444
3217
9344
7142
1571
1275
1468
6914
201
603
8923
4742
4866
5331
6128
7228
5747
5831
9104
8386
2999
9543
3234
4430
8863
1559
2865
8490
7589
9303
6806
2831
767
209
190
3073
7405
7359
1577
2296
5351
7780
5956
5756
3623
9788
6665
5697
2440
2418
8571
3837
7765
9827
9989
3033
6194
6833
8293
6920
4419
6114
2581
3290
6906
7387
2425
3500
111
5608
841
596
9786
4780
9146
7783
6681
5976
5459
7566
9991
7597
7424
9921
5518
9436
9568
3084
9204
2498
509
5206
9720
6701
1011
1185
5897
9702
8502
2620
3895
7553
4483
3722
9938
2204
4075
2070
4900
2342
8942
7783
4536
5265
5511
1203
1855
5800
4188
9324
7451
1057
9072
3306
2334
8678
9004
3347
7569
3460
4403
3735
9703
3572
6244
8853
2701
4068
5171
6279
9198
4057
7192
7106
8243
8595
9891
1879
3460
5227
6461
4715
7404
4353
1789
6231
873
1986
6065
9553
9747
7961
1596
5619
6339
3693
5589
8571
8138
2973
8169
8167
7305
3036
316
9593
8777
4630
3463
5466
1666
7973
257
4737
7450
4892
3703
7568
611
9321
3436
7820
5418
8099
2491
3600
1867
2641
1747
1180
9278
4019
7346
2970
5037
4007
3866
1431
8442
3662
2822
7601
5859
9378
6674
2364
8030
2723
6024
8361
7089
5550
8166
7188
2224
4311
1798
7351
1149
5498
2262
3421
7086
515
6537
8804
9720
4094
1433
1601
8828
3319
4905
6165
5274
1709
2746
3582
2676
5422
2325
245
1069
1491
569
3125
2857
857
4011
8940
9332
1042
6932
37
5576
8115
7473
1650
586
3265
5540
993
8249
2099
7543
1516
5142
3336
4036
6624
2663
5256
8837
1644
8031
4771
3414
6716
427
7773
2182
4023
2928
1591
170
1888
8493
6845
6859
4456
7136
926
2016
1234
3787
4987
6377
533
5733
8919
1677
7958
3388
4292
2761
6405
8142
4968
4536
8790
8302
7696
7752
7939
4095
3345
9816
5020
8595
3294
5986
989
5876
1433
4805
475
8234
5952
722
1066
6144
8764
5972
7070
5632
6479
6106
1298
2172
9410
353
9124
2204
1541
5998
3891
5660
1249
3847
2839
7334
4526
2591
8445
6439
4388
3698
4890
1830
4076
2933
2485
7085
1228
4990
3821
3719
2372
911
4552
8269
3736
2269
5709
8783
9857
9251
8607
2279
7722
6938
8295
8823
2524
593
7411
7231
8711
3510
2857
2327
7497
3468
8175
8384
1652
5542
2266
5538
5705
6790
8689
6085
6562
4750
4916
8
8498
716
8032
1194
1997
99
9557
7617
1676
7976
5061
8292
2866
1261
4281
8732
4108
5135
3900
1547
2190
4914
6418
7982
7043
4506
6257
445
6925
6659
7949
4199
2652
2516
5447
4871
9162
5374
4992
9610
2129
7250
2252
2982
2797
1676
6965
6947
1720
7821
6696
4344
8971
8158
6566
1346
1902
8058
512
1248
9168
3570
1880
5404
6433
3301
3141
3052
6268
7134
8254
5396
6411
673
6018
4036
1
4832
8840
4928
4545
6816
8703
141
2619
5684
8708
9498
6127
8470
1046
6039
9364
9562
4583
5895
5491
742
9495
6853
1400
8107
7469
3346
3413
4628
3861
9664
6973
1800
3168
7568
6818
8001
6314
8748
1935
3393
3567
285
4697
7462
2630
7279
5920
4945
3112
6473
8355
1249
4300
6312
1785
9810
801
2513
1437
8765
2994
2046
1098
8403
2546
1658
310
9732
3180
3631
9441
8858
2116
1624
6428
7834
87
8742
5548
5493
6429
8884
2966
5
7331
658
4304
442
6480
875
2801
8631
7291
1004
3663
2368
4821
2533
5354
1247
1823
9720
1103
6763
3317
4043
3197
7970
2431
8878
1455
1649
4822
1888
8351
4058
5285
935
1790
7613
9277
5527
2511
9300
1821
2800
6215
8038
848
7373
4199
3569
9786
3248
7250
821
573
4345
8474
4755
6127
5216
4203
8756
1405
494
705
1829
543
9533
5530
8623
4659
3510
701
6908
9652
1009
8016
3506
4997
2758
3957
1792
2826
8893
1605
6793
7098
2836
9250
7847
8431
4314
2047
6405
2487
553
4559
6438
7741
710
8891
5362
6084
6364
3584
2759
8737
8977
576
5493
9093
9075
1023
3006
8030
6230
6003
9749
8767
7893
9864
7786
6715
1493
3904
6984
2483
368
6486
39
5725
9376
4975
917
9451
8538
6485
8804
7068
1390
9622
7408
8231
877
6647
8530
851
290
1711
6481
6734
4701
5628
5717
5249
7627
8204
8900
5018
6705
4681
8965
213
8005
3688
257
9765
1959
8942
1426
1076
3219
7165
7174
8110
7838
6137
9333
6153
7517
5591
1347
6106
4275
8819
9975
9854
5753
5730
7317
9921
511
8842
266
7819
3160
475
4432
9511
3104
7914
4681
551
2800
2648
6546
7394
4515
9231
7390
3625
8748
7428
1483
4026
3532
1264
7712
9986
9177
6602
6094
5168
7684
407
9386
634
6169
7832
7328
8924
2371
5528
310
129
3343
8599
5403
3137
8220
6343
1555
8216
9233
6961
9904
1560
9521
5349
6896
8556
7270
7844
2998
1146
1780
6943
4193
1261
8311
6620
2245
2091
3403
1557
1067
9361
1430
3159
2036
2048
7621
8035
854
8036
3978
5019
8202
672
3861
3459
3976
7348
2797
7904
1691
2896
6925
135
7031
5884
6688
3634
183
1859
8903
3716
3441
8537
442
8969
7834
7099
7588
6016
2673
6777
189
1666
2350
5044
2398
5916
5251
2253
3374
6077
6611
733
7336
8395
7272
9022
2146
8044
9721
9840
9143
4105
9143
7566
3867
2050
2904
9717
1592
5704
5535
7214
7847
9434
9856
7908
47
4251
1468
1859
2584
815
819
364
6288
2716
4934
6923
3899
8249
992
271
297
5479
3042
2820
3570
149
5469
570
318
1776
6487
5375
2837
3447
5098
5270
5426
3638
8922
945
7139
3633
1613
910
1456
1659
5035
5887
7216
4684
5114
7943
6404
5773
9492
6706
4459
4977
7542
2925
108
1821
5638
5233
5086
6544
5004
7571
6177
1788
8843
7493
9021
2001
7414
3
5623
201
608
1259
8299
3132
3440
7085
3711
1272
2693
1594
4562
2437
3205
5392
7562
5578
1493
655
9463
6201
8043
1522
1143
8614
1016
2182
8256
3163
582
9883
9180
8371
2221
9215
5786
8415
4760
5537
502
6520
9058
1902
9384
9544
1245
1925
1057
9928
4224
8864
5254
5861
4896
2243
1576
297
3385
8793
2897
8661
5101
1212
6384
4104
5359
8322
9841
3692
8713
6936
3804
4141
8970
94
7686
1647
7351
1716
7580
9881
4002
9596
7619
2709
8413
1893
3694
3043
6636
5193
5250
2051
3490
3424
7867
2054
1114
384
486
4650
3329
5340
4106
8906
4077
3856
2779
4405
3820
2112
530
3863
7516
641
2983
972
2429
5914
4192
6637
1319
5177
9209
8552
3738
3859
6528
6121
4504
9112
7158
5358
7839
8351
1753
9237
1943
8474
1511
5698
6419
4319
5712
4932
9741
3037
961
9690
5279
5557
6931
9335
1859
4724
1817
5592
3942
6996
4923
6389
8374
6794
1942
148
9081
9796
5190
4898
3959
9783
1511
3411
4903
8380
1199
7961
8309
1496
8920
9690
9024
9350
8312
4817
6956
6044
4172
384
2464
6974
305
9646
7386
9421
6262
9842
9743
587
418
9559
8908
5258
7450
3983
8865
4879
2334
2491
8829
8668
7504
4887
1528
1437
7642
3213
7988
9273
7854
9869
1935
3616
8425
519
999
1025
4773
6971
3725
3917
2398
1793
9185
7249
9887
8414
2697
2895
7010
109
2260
313
7816
2871
9104
793
9723
6913
8129
7000
9710
3276
4746
2261
9049
324
6817
7371
9718
5556
2541
4200
9345
6007
5179
6255
7538
4856
8065
934
7359
3356
1345
7421
7064
5593
5744
707
9376
1553
6620
1351
6481
6540
1955
2296
2184
7429
3229
6707
5562
153
5917
7904
3284
4946
7982
7606
9259
9000
960
7842
1486
1228
226
535
1913
9531
5450
9305
6512
2968
3443
1594
6546
8965
5566
7540
3310
5405
2573
5888
411
5260
9669
242
1033
1940
6430
2514
3680
5625
1549
9844
2382
461
2053
88
4945
4665
5762
24
4335
140
8135
6812
7646
6271
8617
6739
1461
6017
9816
1764
8586
9234
603
1493
9111
4695
6061
5988
4892
2671
6326
8149
6708
661
5855
9474
4475
9445
9362
1246
2034
5800
2635
9268
931
3775
4567
8877
2241
7305
1834
3098
9242
3720
499
726
1968
4930
1940
3714
9514
2134
9032
7800
2255
4668
8176
5158
7352
6257
8568
7933
3814
2182
3787
4573
2441
6934
2798
662
764
6022
7338
6423
8397
5264
7238
8354
7797
4195
2524
1696
8904
2406
3776
5499
1321
3226
8435
9302
7217
8160
910
1714
9727
9893
9568
4383
3284
904
113
9578
1874
8512
793
5844
1236
7653
8266
5585
7578
7536
891
8378
1977
5167
1807
4477
3809
6708
5054
9354
6283
590
6700
1578
651
9492
9988
3835
9863
4082
8883
8623
6147
221
1664
9768
6692
6701
4256
4646
21
8234
6496
4361
9226
2165
1108
1414
1781
7202
5762
2730
5989
7595
9816
3348
3564
5814
956
1208
9353
8766
3858
9575
7416
7390
3394
1366
7995
5692
8073
9123
3614
3851
7799
6458
5164
8956
8502
1004
7646
8381
6622
5134
4390
1873
5939
3790
7418
3190
3411
5625
5290
1257
5398
3792
4444
4380
8235
7492
3332
3566
7169
9378
964
859
7857
5451
9915
2596
2706
384
5693
8892
7967
4060
7237
9839
9410
494
4629
9306
2375
9743
8190
7729
2825
1736
7492
4085
293
1215
3478
1573
13
3852
2292
5165
6570
7914
2126
8881
8673
5682
1333
4770
3865
78
1658
1469
7523
3639
2033
8941
6265
8410
458
8951
6525
6241
4612
4564
4765
6164
7661
4685
8929
1824
382
9370
7729
4446
7084
5672
6672
4157
1105
9157
5926
6057
911
1292
4955
435
7333
3829
9810
8812
1687
9588
794
9808
9188
8041
3671
2517
7101
7961
4312
9952
2199
4322
8654
7911
2186
3518
7131
7707
2083
4077
2571
3840
9690
8796
2654
8226
2426
2153
3972
7148
4609
6117
3705
1498
6965
9094
9059
4643
8889
663
9629
3935
998
755
2134
9843
6034
6421
6473
3393
5046
2492
9981
9650
1381
3518
5518
5340
9685
2518
2182
89
5359
2369
3534
8949
820
8599
5294
8613
4925
2221
5871
9094
7684
7724
4804
3041
6129
5058
5824
8849
1003
892
1063
4912
192
9794
3201
9205
9235
6655
6544
1310
8781
2714
3235
7784
6010
6091
4652
806
4570
7454
1410
9037
6650
3326
8425
8570
363
6242
7550
54
3049
8134
1576
1312
2977
1412
7737
1299
3518
14
2067
3393
3561
2197
1260
962
8048
2499
7150
8479
4458
4429
1250
2316
4629
8541
5047
2824
9137
4603
1501
597
2067
6179
216
3683
7348
6395
5753
2589
4705
1544
4044
3576
880
2980
4017
4262
3226
5409
2447
6888
2281
1356
4345
7237
1314
934
1012
8363
6110
8540
9289
6426
3493
1850
2475
5090
4154
8130
5407
9395
773
3615
5939
5702
3725
1400
2134
962
2909
6585
9764
9073
9838
4376
750
6605
7308
6401
5161
5216
8684
9325
5719
3301
5791
3461
4452
8601
3344
5904
871
3180
9337
717
6250
460
9422
8689
6351
1003
5291
9210
4805
8435
3733
2061
7754
6610
3477
339
1048
8938
9442
4747
9464
9626
6194
6573
7245
9365
1853
4733
8971
6563
9943
9185
8809
8435
7722
5962
6615
1453
4772
284
9233
6863
1163
9077
5249
157
3603
9452
3185
3689
1480
4337
5103
588
9500
6908
5023
2657
6343
77
3359
2551
7660
7244
4749
2849
3804
5372
716
359
9650
5988
927
2286
495
4945
7260
4172
3611
8243
2951
9667
3366
4537
859
5487
7633
7433
5912
7774
3382
2380
6376
5019
8951
1442
4637
1781
8886
2551
6638
524
1079
1284
8549
3688
2623
5966
3265
8529
1167
3844
1322
8225
9008
4567
1495
2957
5710
4522
3434
781
6904
1031
787
7697
550
2981
2633
354
4087
5628
9419
126
2618
9957
3516
5206
3674
8627
5698
5532
2543
636
5276
83
3472
1674
5894
2801
9408
8418
8934
3382
9046
9084
4704
3594
1461
4827
7341
8153
1080
6148
9700
4652
852
5859
6760
2759
2353
8512
2462
7816
9960
6658
1412
8004
1774
8780
7441
1550
5463
4552
414
8453
44
397
3725
794
9639
1862
3831
1503
7906
4336
5524
9405
6800
7465
4770
9941
2523
4895
6144
5973
9166
7680
456
661
7000
289
1966
4147
8846
9346
2693
524
6562
8382
3726
9474
1238
8843
8145
5745
8655
2579
6833
9265
8848
3077
6244
5916
7730
2716
6860
6379
4119
6333
3800
3661
4622
9273
4772
2747
1579
2985
7530
6942
9085
1700
5258
1933
1577
9348
9223
6813
6992
5479
4933
9133
6562
8379
3600
4518
2175
2428
8340
9721
8804
788
2843
7195
277
8184
7548
8559
8238
7528
6378
5562
7359
1705
8038
5355
8176
9892
3818
9183
1798
2140
4884
1976
7473
1040
8204
1851
7130
1406
4664
2103
7489
2149
3252
7283
7952
4737
1342
279
5028
9572
2488
1534
7495
3417
144
1573
5604
7881
5410
5893
3158
2096
4499
9871
2542
4286
1785
2986
5180
2658
5449
6651
4838
6678
2367
7369
4602
5161
7750
5388
4334
9695
2008
5703
3863
8275
1166
8209
3724
9413
7099
7717
9005
7818
8560
7922
1599
3353
7024
9735
2572
4477
3874
1158
1371
9179
3848
4796
2143
564
369
696
283
6224
5252
8411
5624
3339
7583
7462
3335
6803
229
5353
310
7813
4650
3975
4651
1851
5186
1521
3886
8993
3591
1930
3410
6209
9053
1653
6140
1269
199
1424
9404
375
3815
2197
4638
3176
1106
276
6666
231
4020
775
7235
7549
5281
8356
2431
8045
8661
652
4104
3285
545
3118
1583
8895
8104
5579
7904
3531
1756
494
2454
2402
9782
9745
4449
1831
9702
5601
3148
6890
8601
2782
9904
6482
1443
2462
4616
8478
3973
4952
9808
2993
9207
1226
2944
1026
8528
879
4841
6764
8342
5173
9019
6395
8217
658
9412
7519
2732
251
3244
6615
4173
589
7126
7181
8025
4246
1547
8907
7379
6926
6084
2172
7881
6503
1273
5479
9118
18
1014
8503
8386
9021
4811
3988
213
9544
2358
1084
3750
7678
7865
8787
4220
299
4854
678
4828
4995
3249
7397
3421
4872
1324
6398
9064
2947
8740
8804
1605
9377
5473
3896
3556
2849
2727
665
7793
2875
8324
4835
9498
6358
5711
2655
9763
6821
4463
2228
7326
8829
4965
1463
1728
2179
9428
3416
2493
4909
5751
8154
6803
5550
890
4781
5350
5892
1817
5764
3143
2218
2233
9413
8886
2085
610
9248
1215
5282
2008
4153
7992
6470
411
8408
6200
285
3255
2532
6344
3082
8608
7829
646
3658
3915
7249
2871
4951
6502
2625
422
1328
650
8651
8451
7216
4342
8805
4092
3526
6838
4557
730
4674
7787
4842
3144
1032
4696
3888
2316
3777
6297
3793
9473
6045
7361
3874
5244
6181
2025
2874
3490
4954
6196
8182
4455
2543
7149
995
2973
2951
3783
5421
3996
565
6398
7131
1358
1348
1532
1588
576
1997
5660
671
5846
7419
3495
8166
5467
7404
3714
5943
5527
9768
5160
9154
8214
4384
565
274
9814
7565
2399
1831
8390
5528
6683
6910
2478
6852
1584
9171
6990
5054
1595
7673
1828
3048
6046
479
5611
6507
795
1563
8370
8939
4343
7501
1211
3445
9948
1869
9047
3512
246
3176
3795
8340
0
6822
415
7927
3370
4180
4264
5341
4266
2360
1164
678
7990
883
9576
2361
3251
3449
6025
2312
8565
1016
3480
3208
7518
9507
1080
6081
4689
7856
584
6306
7591
5726
659
3509
9579
6384
3053
9428
7063
3582
4091
3417
5089
3813
8770
3379
3747
1531
4514
7261
7897
5528
8975
8799
9639
3388
935
9355
5579
8509
8472
1838
5939
5560
192
5389
7329
2361
3065
6773
4390
9573
2429
6098
852
4100
5039
2678
1308
5163
7610
1277
8661
4203
7998
9733
1086
5099
2926
3721
8302
248
2451
522
2166
5384
1846
2157
7305
7922
9304
3609
28
5681
217
7453
4864
5303
8943
6995
6822
501
7976
1478
9961
7063
1442
5852
9310
276
245
4136
2381
2329
9069
9395
8567
6522
7925
3214
8773
1660
3294
6526
4321
197
371
6802
2440
8803
3973
9007
9908
7521
4005
3504
21
8915
3947
8002
1584
3124
2819
3835
5588
9006
2259
2229
3011
2025
26
5140
7553
4796
346
7755
7981
4263
4939
8670
9049
160
1301
5719
2334
9658
6877
4940
4523
3807
3096
5037
7200
3743
5420
3610
1330
1938
2628
389
7750
275
461
6696
8663
8139
4221
3438
8168
6727
6867
1267
6834
3222
4511
232
6786
4699
1428
5844
4828
9022
5736
871
3543
1617
3845
166
9858
460
3407
6110
9824
2623
8413
9211
670
8471
8011
2883
7208
4944
639
1313
1538
9154
3643
9447
9516
4415
1946
4602
507
428
9567
9262
3317
8539
3407
3275
7488
3578
5
4448
2593
5707
4712
424
4379
9491
2149
7655
7207
5965
5784
9308
4849
2814
957
3720
9967
3752
4649
5739
5293
9433
7338
5275
9342
7398
9569
20
751
451
7159
7778
2435
572
4484
6672
8364
3950
5926
9977
1010
4484
2461
5968
1965
5430
9036
8890
2721
9824
9336
2351
1258
987
8983
6638
2186
4218
7422
2033
1825
4065
47
405
2654
6861
396
3758
6349
7814
4268
4150
7898
317
5784
8903
6534
6010
449
8747
1481
6749
9511
1489
748
4456
7897
7717
4286
8264
3889
2572
6606
3248
7081
8894
8168
9811
344
6653
3746
6567
2187
1919
5765
306
5896
6129
3085
2390
3552
6426
8929
2347
16
8553
6249
230
560
944
904
3316
9399
9201
1368
7168
6803
9059
9303
6674
8503
2912
9607
9121
8
3180
6210
9018
2979
1386
4609
1944
8674
5800
6291
7987
2580
3537
5763
9257
3928
6237
3215
9919
8278
4286
3427
6874
5473
8821
7125
8353
8661
7938
138
7013
7895
8149
2386
4666
1411
4879
3525
4764
3229
3965
3889
8723
5344
187
6853
8578
3232
8744
2133
7156
34
1324
7155
2512
6881
9571
4837
4104
8004
2137
4213
922
2612
9853
2665
5028
5928
2533
2026
446
6224
5642
2747
3693
9360
6464
5544
6920
8486
441
154
9971
8725
3362
1141
7951
6207
7297
3415
6702
8377
4577
2263
9229
6347
743
8163
348
9844
7725
6778
3157
1122
1341
1663
5185
8456
9590
7459
8920
5940
1681
7171
207
9936
9240
2476
6829
5838
6138
9296
5113
4304
431
9475
8627
1712
6485
8989
2820
5587
9581
2834
6307
1175
1807
9651
8803
9987
5060
9740
5268
9433
4622
3439
5916
6335
7360
7172
9070
7097
5274
7056
8411
943
7410
5202
688
6295
2958
5794
973
4075
4783
4433
3705
4218
1065
5909
5943
7096
8156
893
4395
8591
445
7060
2068
6824
4578
2760
3004
9316
5239
1916
4928
3146
9862
7438
2116
4681
6849
5623
8655
1573
8677
5863
4356
6805
7227
5407
7995
5261
5991
8826
6976
1775
7220
792
9865
6147
3845
8939
3920
536
5155
9893
9670
7537
4467
1088
6957
6819
4211
7037
1856
3836
322
2531
5340
4220
5503
1447
6555
7295
2079
5704
734
1524
7846
1815
2740
1243
6878
2133
1540
171
3758
1428
3852
8640
9285
3081
4099
9808
4767
852
3643
2630
3557
8866
8846
6002
7303
4529
8779
2134
1336
8104
2015
2435
840
1010
6564
5096
5021
40
3249
4102
7140
6103
7488
9969
1346
7299
6791
2282
8340
7355
8938
2196
4544
8800
8255
8100
7175
3599
6219
2489
9486
7285
6829
1457
1374
3693
5298
5384
4041
8287
4536
1825
4912
2588
9892
185
2906
850
6558
561
1680
6892
9555
2046
6795
6171
3597
7982
7687
783
3311
5837
734
2249
7716
7208
2171
8676
9071
6895
8832
8246
2307
3514
9341
7977
4150
1531
8342
3209
6967
2686
9124
67
8827
11
49
9088
6625
2384
9061
4368
2715
2935
414
7739
6192
7442
8318
8019
8150
9884
443
1345
4969
6125
7393
7863
1303
7748
1403
4505
7762
7769
6388
3947
6333
950
4821
6223
8463
7172
4172
1908
3232
6193
903
5764
8259
1888
2813
1562
2467
473
1612
3031
3445
3833
5569
2843
4726
9544
601
3285
8110
3226
2159
8980
7723
9693
2184
7067
2939
8990
2624
6505
8650
1483
8356
7796
2914
2933
3223
8989
5281
5951
3734
6437
9177
447
9234
3139
8892
4883
4695
7214
5181
7789
302
1672
9303
8534
1114
6046
959
1881
7062
7620
6525
4878
4824
2899
6504
1683
7264
1002
2353
2836
6276
144
5348
6115
9289
8061
5061
8697
4821
8292
2287
7763
8941
1282
3949
6847
5104
2064
9328
9129
9464
966
1943
4701
9247
8287
1071
7204
5578
7213
2328
4008
9184
4569
1205
9173
442
4889
3826
6409
3217
8719
5476
7495
1883
6041
8863
2838
6653
5931
784
8519
4733
821
450
8614
6149
2630
9191
6920
6312
8702
9186
4775
3003
621
113
9988
1435
2359
2524
6884
921
6982
2931
2698
7137
1333
8752
7231
1842
1737
1558
658
9886
188
4908
6417
6374
3482
2088
4740
8516
6460
3560
3306
5986
7611
1539
3879
332
1887
1817
6821
5104
9324
8632
9046
2273
5268
5924
4686
45
6016
5278
9645
6012
424
1668
2482
2307
7253
2168
4150
1883
5913
3320
293
426
7348
7502
5164
9344
8071
2789
4495
5950
1872
4419
4288
7003
3182
9983
6742
3613
2173
5563
9935
1857
7355
1222
4928
2348
6736
5037
8794
6821
6264
6689
2762
7442
3493
9930
3531
2153
5803
7381
4505
1699
3448
5170
8717
2221
3820
4862
6052
4265
967
6176
2621
7566
7512
6424
7424
1394
3752
1538
1256
4298
3053
9594
7410
5660
3331
1414
5997
6735
9547
6853
2304
4700
9090
3211
1763
4539
456
4042
5836
3116
2340
4129
7607
6928
5463
2721
2235
9445
5850
8828
8836
355
505
8687
2097
2797
2211
2164
3771
1504
6762
9087
9034
5208
3692
7172
1292
2437
6271
4842
4037
2204
6934
3156
5247
2407
8569
4116
6374
5364
9409
5873
5905
9681
9822
4230
6334
3463
4598
7612
4485
3511
5395
3295
5805
4015
374
9622
1766
1616
2364
417
560
6741
8718
463
708
3576
2460
2757
9793
5171
4990
8037
1807
1320
7112
9575
3523
5863
2494
7183
150
4240
2871
6326
9433
6155
99
5973
5242
2466
2780
9472
2688
4012
2601
19
3036
1522
5171
5381
3943
9339
7965
9686
6780
162
1803
680
4238
9010
4439
1459
3535
5108
3761
7554
3412
1243
1039
4144
3345
4736
719
4478
3827
9799
7970
6397
4417
9271
540
9185
2244
1897
4829
8580
3363
4858
9181
7236
7405
1534
936
5096
2457
948
2946
4553
8557
4355
7637
1057
8078
3809
7498
3506
9662
6869
9016
7428
6054
4572
3979
3881
9668
2487
1226
1226
9532
8967
734
769
4989
1471
3284
910
9552
7856
932
5421
5790
6690
5760
267
1463
643
5646
447
4809
1402
4237
1750
9780
7121
963
3999
7261
4377
2163
3769
2154
7510
552
8168
7984
1012
1280
3435
7948
6786
4478
7524
5374
7500
5751
3961
8174
7779
9214
5922
9200
374
8810
8380
4152
1982
2586
2569
9897
4594
687
1956
3950
6926
3833
2837
923
5036
828
7822
1888
6487
7717
5811
3252
7411
4233
2769
4198
9404
9354
6689
1219
1832
1944
2037
1098
1574
7845
6174
462
2840
9728
7747
5016
4983
3643
8908
4460
4681
7109
1707
9
4593
8080
240
6450
8715
5107
1947
221
2893
9750
756
2270
9144
9075
5696
215
6060
6669
2598
2677
448
343
3635
8089
3623
5812
4441
6616
64
4405
544
2285
1135
8829
3229
3692
7087
9852
1659
2836
4373
4738
1606
7909
5568
7276
6682
9788
7759
2422
4731
3976
3663
9235
6017
4570
1642
3225
6954
7903
2081
1168
7114
2566
8148
8364
3372
9727
545
6793
8881
9768
7570
8710
6320
5699
9048
5255
9595
3753
5805
791
8390
4063
921
6431
4823
4416
9177
1775
6521
2609
3787
1721
9980
2181
4626
757
6490
3631
600
6124
1542
9594
4033
3975
5163
5485
8788
7874
6164
6938
2544
4512
638
6705
9365
1761
3927
5625
3969
1333
6384
5884
714
1707
790
1797
3101
8210
3863
4103
21
8865
7993
8918
2011
8754
1773
2989
5190
9183
9645
9816
123
4841
4102
4902
2285
9026
9343
7555
2027
1239
4648
5517
6981
2047
7549
8073
3948
8007
3062
2981
2129
2797
4899
2533
2895
6860
2655
1687
6753
8667
5751
3905
5205
9541
3317
7367
2502
432
9877
8081
4257
5022
5705
8762
7465
8443
1137
1751
550
3201
4690
2330
538
8666
7685
6008
9380
5105
3480
9664
6554
6458
6899
732
5444
7842
4429
3167
8342
6120
8538
2389
325
2790
1560
6438
9749
6093
9781
7508
6328
3969
7047
9940
669
6618
8144
8345
2685
7290
6127
1521
3203
8390
2553
8541
1495
4369
6373
9144
6803
5878
8864
1784
8471
1495
2032
5475
787
7594
9703
9542
4851
8791
9955
4641
9851
6023
1472
907
2813
5781
8618
8960
2574
6182
2091
9912
1496
5066
5374
3046
6178
2942
6882
9505
3034
2355
4124
105
3628
3181
8739
4535
6455
47
3775
4012
5803
127
4294
962
3194
4821
721
7425
3446
6665
6542
3230
9664
7878
5359
885
9614
253
6718
4854
1799
5524
1883
3415
4437
6497
4802
806
6867
1757
6988
6079
1096
6002
4357
7429
8087
3230
7026
9453
5042
8964
8883
9164
1150
1465
8649
2229
1279
5165
2870
1619
1094
4467
660
8905
3617
2849
3727
3332
3188
2155
2156
3023
4787
564
4018
3545
235
7015
5116
6501
9482
6553
9641
2465
7731
5297
6579
5013
2420
4970
5998
2024
9960
5885
7529
1854
4726
9529
7724
1462
8491
3653
5711
2732
1007
3122
4461
3452
535
1759
3902
8547
4413
9162
6475
497
7911
8107
8575
9589
3218
8258
1953
9009
4065
9023
855
2283
6324
6300
933
8607
4649
9106
5735
5099
8833
7578
2568
7607
9144
7594
8733
1608
5308
5167
8929
3210
4681
1204
5249
9029
4151
3066
1068
3827
1686
5022
7310
2383
92
248
1352
9815
77
6518
8136
8181
5146
2227
3047
6539
6303
4220
8497
7952
2651
2806
5448
3830
6192
798
7223
9084
6625
8424
537
1213
2606
1019
9164
124
3440
5303
4085
3925
252
7566
3366
7300
1954
8029
6952
7195
6897
5313
17
6981
194
8511
3872
3105
7750
1295
6063
8634
8686
3872
4504
7763
955
6841
5727
6029
1719
3330
8173
4184
2799
5806
6251
9375
3239
1818
8749
8780
4250
65
5875
7524
5999
4430
4110
3772
1565
2607
7452
9006
2463
3619
4504
6325
6950
8555
7511
9778
5286
2842
1504
3998
8465
8509
5696
8464
2085
4247
3277
5203
8776
8552
1569
139
7473
5384
5232
4155
3399
175
2172
3874
7421
9793
4863
5678
3339
4191
8323
7387
443
5055
5452
3640
1345
4612
4262
9166
9372
9185
4543
8318
5769
7895
4442
1210
1138
3091
6988
1590
9866
6589
2079
9845
6926
3935
1394
4556
7597
9051
4338
5924
7367
2369
2203
3101
7120
5224
93
4388
3421
649
6932
1444
5759
320
9212
5751
3525
2247
2933
1680
4090
4934
9484
9586
6724
9417
6578
6427
1022
6710
5691
7576
7432
9751
2045
5105
1103
1310
9751
4159
6386
9567
7820
386
4098
9268
3617
8960
6620
948
6017
2080
2792
3129
972
9403
7570
7913
4864
6522
5930
1665
2996
4453
5694
9293
5078
4585
3893
4488
8495
5123
6689
6605
6001
7631
6531
4560
6597
5145
4635
5463
1950
104
1232
3527
5314
2369
2550
845
7346
7594
1000
6320
4486
830
7895
6735
579
2165
9838
7825
1659
9729
5754
781
4360
1867
3193
8970
4800
8275
8902
3206
4644
8774
354
9221
8865
9609
6469
5794
4559
2356
124
8159
7813
29
8411
301
4553
2372
2215
972
5554
4381
2777
1043
2436
8095
2128
7218
3518
2632
5749
1287
8602
9110
7223
3205
4742
5300
669
3184
8378
7265
4189
1291
2035
4325
1439
1798
3019
6349
9713
500
8121
9234
2301
255
834
5912
6730
9496
751
534
8799
839
5262
3520
6241
7020
7173
3064
1419
5887
9662
9261
3513
9611
847
1501
9665
286
3353
2126
924
2855
2992
7096
3862
3910
7128
3745
8594
3438
8213
4673
8966
9966
6392
6504
9359
857
7808
8397
2397
4897
6532
2849
6586
9396
1935
4464
2125
1539
7725
5317
8931
7277
4535
3815
6693
741
4772
929
7656
5082
6806
2465
1514
2577
1429
1598
9200
4574
9311
7829
2394
9588
4832
9431
8053
4495
5655
10
3302
9536
2058
4679
454
4182
218
4980
7785
8384
3
6172
4981
8858
2780
7139
2879
9682
7656
920
6337
2175
3603
7882
8593
571
7942
2353
5290
6276
4325
3871
829
2610
3018
7816
6989
6690
3532
543
4219
7634
5864
3925
8469
3657
4127
102
4903
9247
2804
7871
3091
4843
2170
9296
7254
3255
3321
575
3692
7604
6324
4976
6247
4083
3412
4658
1294
7516
6754
9960
5919
3216
5343
7967
6723
5050
9362
7677
390
2573
5120
7747
828
786
3584
1376
3073
1595
4385
1908
961
7993
1416
9120
856
8579
674
9434
1671
5722
3425
5921
4499
1270
7331
2718
1662
9659
5829
1984
1034
6203
5890
845
5618
161
4108
54
2584
1969
4325
4911
5334
6129
7782
2357
2590
38
4138
7982
6648
7523
7282
4869
4847
8657
9740
1195
5384
6950
7036
2778
5662
1824
6491
5594
8914
1311
4551
3118
5134
8337
4027
6665
8054
9256
8746
6774
536
5053
1147
2212
2230
2367
9751
6874
8430
2966
3196
5610
5387
4527
9031
5190
1435
303
9878
6400
493
4207
8137
6450
5485
4583
9591
6199
4573
2587
37
785
6801
1628
6589
8575
7581
118
9651
4716
2961
3940
6235
7036
2644
3542
3512
3995
11
9719
9214
2195
7456
1856
2078
3857
8908
9675
7318
7125
9731
6485
4738
4333
9545
6031
9542
9962
6704
1246
5026
5440
33
5551
2052
8582
5587
3308
6104
6200
5751
4230
6766
3838
3471
7507
2041
9096
6571
37
4357
3869
3624
9999
839
5794
8083
4189
2185
5145
4578
3155
5025
1857
4210
2532
2753
2094
3952
2962
9245
6334
6079
4616
1030
9042
6381
5014
1795
7545
1901
514
558
1097
517
7053
9325
7565
8712
789
7939
552
2920
5565
7415
6254
2540
9117
9435
6174
9030
639
4162
6120
5108
5591
6570
8950
9139
9268
4191
4775
6795
6783
5593
5509
631
1542
2654
1759
1251
2731
9235
3191
5779
14
5875
2971
6994
4894
6781
8556
7511
2029
8501
3305
8794
1463
7988
4302
3900
8887
9792
1593
9802
9005
2485
8879
4704
3639
9253
5177
665
7726
1127
3989
5867
7000
8260
9393
9811
9236
6569
698
830
1507
5100
673
9317
3799
6418
8564
8655
8463
516
3161
7124
9364
909
1864
7276
9912
1210
5310
2930
5961
3380
8801
6599
6330
4308
7406
5124
4932
3447
4857
7272
2815
3889
8006
6949
9735
6489
8124
64
8188
624
9000
8277
272
4110
5150
3299
9201
8468
6964
6929
6122
3419
5124
6645
7997
6605
3948
3347
6441
3458
3760
9042
7749
7817
2166
795
8712
9890
4903
1196
4096
9826
4821
6067
5405
3175
2692
3739
4300
7971
780
1158
2760
9390
3861
6885
8093
7181
3876
9954
5778
7898
1296
1511
5954
173
9217
4135
6849
9418
6141
1009
950
492
7563
3009
2256
6810
9694
7594
5517
2663
1325
9467
3040
6284
5191
9767
3900
205
619
5286
9206
7115
7411
7617
3984
6379
5144
367
6992
773
2519
2229
8570
9972
8784
3908
8691
7559
333
9002
4271
3476
9641
1003
8549
1556
1442
6850
5828
1562
8932
8695
3079
1480
9
9743
2505
2615
3106
7394
1571
7987
2036
1470
4676
1826
8390
6311
118
5320
4844
2751
6332
1595
7064
586
1991
5544
7329
6073
8656
6987
177
3150
760
123
2727
5276
3390
2585
7790
6248
2530
28
4622
7508
2905
6874
4555
1200
7187
23
4438
5142
7647
8757
9184
3974
2021
1169
7649
1227
6844
7129
3389
9115
2029
9216
8446
3961
3268
6679
3499
5303
6095
3542
1663
5158
1517
1989
91
7126
9168
6029
2679
6746
5691
1490
8394
8777
9668
4337
7025
6225
4061
1564
4282
4169
4186
4998
175
4266
9058
6644
8852
1428
9486
3055
734
8312
7191
2933
2321
5519
6353
7431
7052
685
9065
1116
9827
8575
5054
9407
7407
3583
3649
1413
1305
8905
4753
4221
8799
6709
6086
1070
1943
3193
6975
8274
9888
5549
2125
4083
6380
3811
2352
1023
1934
6867
4611
2149
329
544
2908
2531
7080
6635
8085
8934
615
2372
1402
7818
7664
665
6967
3900
2259
9134
2547
557
1784
1718
2454
5361
3486
6873
8529
3341
3565
2959
6360
2558
1309
1958
4150
1035
1176
8405
6842
7016
4816
3035
9387
1938
6795
9150
7079
6947
7384
3317
2592
772
698
155
1529
368
7339
5116
9522
7450
2141
407
9291
8261
796
7388
2045
5130
8658
8020
1409
760
1204
4107
9114
5571
2810
2638
8368
7564
9636
4985
4049
8271
390
7988
3429
1217
4239
8591
8801
9547
998
5988
573
7597
3117
800
8901
9539
2990
4372
812
7211
2262
1766
8422
813
3953
883
9648
5764
744
8339
9607
1424
2364
4551
9426
6552
6147
2250
7413
2773
4863
366
1069
4851
197
4680
5029
3830
7906
5218
1116
2626
9558
3400
910
215
4489
7253
2623
5256
6715
8720
7900
5597
9935
2570
8332
7402
3899
217
1271
7617
7899
7806
852
4394
4365
7945
8
1418
700
9433
139
7724
2610
4203
1336
1217
1215
8872
9193
6588
611
2114
9021
1060
8267
639
8858
5413
9887
3625
6614
8290
4931
6928
2137
6036
6225
1136
6780
4031
528
2663
7687
4372
9754
8737
4937
4722
2598
8879
2328
5314
6754
7959
5460
8442
6752
7224
506
5105
7142
336
3417
9426
523
490
8888
2430
9570
8602
9572
1996
1956
9056
2637
7746
754
7089
318
6164
7643
978
3305
2340
8194
950
7162
2043
3639
142
5467
3361
891
1203
4808
1603
917
5754
1337
7063
3569
9592
6420
6200
3500
158
8539
6679
4981
1736
7257
6690
1055
7038
9328
9718
5974
3895
5368
7409
8941
189
4738
1312
8973
5485
4208
7937
3294
4422
3162
2019
6412
9122
5182
4029
479
6161
6335
1847
8937
8341
1512
7799
2750
7627
9539
6761
998
3342
3704
9106
6176
8049
4995
2953
2954
1665
8221
9557
70
3383
5304
2371
7696
5480
1000
8927
7032
131
4151
6070
7915
8727
549
5115
9839
8944
3639
6118
9262
6393
465
6835
6181
1438
8361
3972
7176
3996
8107
7818
538
1910
381
6343
4821
6305
9320
7320
1320
3916
33
2569
2932
4119
7079
8063
9948
94
6744
657
943
411
4159
9366
4926
8213
3649
5188
171
260
7389
553
1604
3289
3206
6886
9772
8433
8201
3739
9108
1461
6913
543
5690
3486
7246
2787
5382
3902
9685
3347
4350
4689
9626
3918
3750
2702
139
6222
9314
5357
8693
3699
7397
6365
3977
7229
6858
2461
6832
2928
9844
9482
6678
2396
7742
4286
4355
8490
6798
6744
3841
548
3188
6680
7722
2379
8286
3167
9363
3309
7362
2464
9780
417
9934
9435
1144
4643
9948
2773
2867
6418
4602
4562
8932
5522
1603
4210
4004
3691
9774
1877
152
4899
8925
2005
9839
8165
5207
7803
8327
1789
7002
9853
6639
6788
2676
4986
8857
8186
694
2123
2973
2231
5868
2432
4595
906
6039
5447
3797
7700
9622
6476
7805
9704
6717
1071
3850
3588
1886
1432
2280
4778
7323
5478
9487
9734
592
7774
8537
7479
9857
8705
8092
4035
4817
6980
4430
7838
5950
1521
1805
8822
6268
8170
7561
3384
6536
6396
3727
7034
1314
6053
5363
7133
7226
6032
3320
3671
1993
7080
7313
5840
5047
8057
2229
7095
8815
2985
961
6282
4320
5691
6291
7515
2354
7
1106
4586
7104
218
3995
996
7139
7939
7962
1712
2362
550
5145
7170
3642
2007
155
8704
3439
5787
1886
5881
6670
42
5296
7098
4410
8201
1766
4686
6731
1822
8590
9765
6589
8014
2515
7807
202
3175
9599
2761
2547
5660
6495
6065
8977
1935
563
9696
40
7912
3112
4911
6722
2590
7743
4618
9356
330
6176
4198
9791
7937
6293
1024
3470
7468
8308
7218
4058
9280
9322
6347
5746
639
1114
520
7265
8857
4975
9812
5261
6085
7218
6724
4366
8077
7600
8306
8249
9250
9512
4384
3828
369
1394
8925
6137
391
8931
6785
1189
7272
1286
6718
3633
6440
9521
9035
5274
168
9619
19
6122
1006
2275
9932
6474
9539
5712
3692
8155
4011
3653
3861
2286
6653
9970
1926
315
563
4356
1218
2013
2624
379
5073
7502
7463
305
8452
7490
7517
5544
386
5037
6923
4907
4284
4695
1218
5814
7579
8926
4204
2549
2126
104
1776
5000
4186
3278
5168
6182
9541
6430
3060
597
2781
9194
7872
2301
8526
2097
199
4548
9996
5910
3891
7600
9445
765
6139
5023
9111
9299
8572
686
8991
1638
5171
7264
8096
2665
4907
8936
7455
8122
545
5896
2780
2243
6637
1984
5579
3811
3979
1786
4044
4683
8283
7735
8577
6896
4835
8516
306
8455
6015
1897
8406
9660
8368
3911
355
9813
6688
4625
4411
5455
3730
8655
5159
1547
3457
9127
5494
9749
4545
3759
5470
9177
3080
1571
2620
5317
1061
7604
4920
8472
3649
2827
1139
4766
6136
3869
7785
9929
6618
8350
2878
2386
7490
8156
4012
2110
3540
8723
6172
5939
2391
1001
1337
4362
873
6090
6107
3355
6226
9978
572
7334
2605
137
4858
2228
7116
9691
9971
1252
3943
5562
1224
4092
3076
9745
9798
6726
2204
1158
9218
8250
2384
9765
9867
1739
43
8992
1916
5167
2057
7672
9351
6455
9627
4533
6747
3202
1902
7103
1017
6904
5087
3967
1595
4508
2427
8935
6210
7055
2301
8470
5653
7484
6925
1524
2371
8142
1983
9576
1765
8932
390
6543
7590
1403
2144
4952
5391
4311
3932
9364
5500
5547
2189
7571
1811
698
6575
6582
6523
8724
4862
6032
3307
6797
4213
7451
5705
8246
8542
8195
5816
9321
4873
7931
8887
6703
9831
5257
7977
3379
9273
2904
8397
1547
2273
2427
5861
4640
842
8414
5504
4577
7538
52
4192
6020
8329
3484
8474
5775
2226
9676
6837
3819
2369
9805
7274
123
3615
7247
3801
8998
3934
8379
7568
4996
1959
2033
7147
4102
8590
1805
3630
9708
388
1951
2362
7192
5824
5505
6656
5276
4053
776
6726
6294
3949
7862
3747
2874
2430
654
779
6900
9287
8291
8051
7208
3109
7373
9413
1515
9249
940
3237
9271
8478
4351
9719
8110
6763
9502
5783
1979
4114
7755
6722
4190
7232
9508
9657
2509
1961
45
6574
5565
6442
5444
4860
7446
6440
6652
3594
2876
9249
7418
7624
2286
2579
7726
3855
7297
9390
9522
8371
290
7087
4132
3842
7873
9205
5440
8752
6981
7534
7151
5989
3841
1493
8808
9287
7667
5694
6660
8420
1238
5242
1816
6004
7503
7733
6353
165
6112
3749
6305
6693
8432
6191
9915
2409
5038
3775
2297
5929
7374
8610
7194
5970
5399
5172
8207
5054
55
7762
4074
7402
8992
2882
2376
3165
7187
7556
3861
9154
184
9785
1580
8925
8538
4036
1087
6775
8143
215
7645
8604
8147
7266
8944
544
3638
251
8916
9684
9351
226
3028
5328
6217
924
3586
9467
5533
9851
9362
4103
3516
3605
3301
8484
6357
4903
386
7238
6471
1592
4514
8330
9696
3408
9886
1114
7513
8812
1670
7791
9525
1140
2377
123
964
5269
2125
9052
5250
7299
7614
8837
6813
1783
7031
1609
2763
5975
6800
4669
9602
4682
3839
3237
8666
2772
8722
7530
9266
4419
2574
601
307
2619
7875
1111
3036
7636
9141
2956
3964
646
1997
5069
2799
3731
1780
7344
8112
6706
8940
4499
8758
2401
8032
474
1485
2864
4739
5640
4955
9130
7584
7553
3523
2642
5703
8525
6854
6805
7055
3253
9090
973
1348
6008
2631
3198
9394
8399
847
2923
7357
3399
3672
8436
6761
994
8750
8474
4131
1191
1057
9652
6620
9476
1527
8772
1723
9288
3973
9012
4093
9618
9682
8060
6526
8732
899
3882
8477
7182
7524
8070
9667
9989
9864
3964
1963
7843
1872
4021
9173
3004
3659
3325
6079
1513
2666
1805
5098
7688
1553
7609
9175
6883
5428
3144
5421
7316
5993
1245
1150
3085
6433
7487
3474
4403
4295
1661
6562
4632
8858
4743
1080
4291
3761
839
9501
977
1119
677
434
6181
1708
8167
9041
4709
9042
7480
9984
9054
7448
8991
8347
607
4304
2247
7732
166
2421
4852
4558
9087
5183
4393
3984
337
7790
9351
9774
5687
5147
1954
9488
4192
5142
8194
9489
1953
5436
5592
9605
3819
9323
7559
8899
1179
6701
7716
3235
3935
6613
3686
25
6804
9493
1090
510
9609
4769
1615
6806
5170
970
6777
661
2586
1553
813
4574
8912
1301
1488
3270
7022
3282
5080
2938
6559
3792
3589
5883
4845
1198
5279
5922
482
6321
1674
8737
9350
485
3418
749
2330
1080
3258
1433
4753
9012
2562
3166
3458
7556
5242
8915
3044
2392
2624
5107
9756
7225
6084
6522
7904
6339
536
3951
146
1552
1997
9781
5537
5812
7386
8451
4707
751
8117
7398
1161
432
7533
6
8291
836
2746
6706
1534
2610
8967
2811
8912
9455
6583
1632
6896
1917
5346
5511
616
8885
7091
3835
562
5055
7604
3046
2622
4895
4782
920
9110
9865
4372
794
1157
4419
373
8608
3498
1577
7904
8025
9796
94
4187
7527
5271
8059
7653
2043
6491
4964
1794
2645
8977
9207
6243
6418
8663
6834
7327
7648
437
7420
3889
7278
1333
3008
752
9477
3448
384
3368
6031
9848
5625
3884
3088
3908
9697
9394
3797
718
5984
7502
3902
1917
7196
9379
3010
7727
6115
2665
134
79
9657
9113
4219
2827
419
4664
8079
3257
2633
2563
6187
7469
6673
6477
695
5408
8172
7503
3063
4574
907
6849
2826
9
7761
1781
9857
8718
7357
7944
5353
4171
8388
2911
3632
1431
6029
5146
412
2683
3017
8893
2540
9297
4927
4050
9850
4808
6465
4497
3060
7315
4666
5811
4106
8350
5910
9438
8017
1872
8585
5963
2836
1408
2359
9161
9391
795
84
2934
5718
2603
5494
2128
3294
238
2710
2435
7916
3381
4021
4603
5438
891
7604
7400
1948
8972
7279
3081
6282
8153
7705
7389
3570
88
6864
149
6513
6816
5805
9309
5047
4623
6895
3255
7510
8453
522
9025
8003
4954
9104
9435
2618
5045
2167
6574
6024
2642
3574
1889
916
3414
6638
1224
9379
3277
7444
1546
4758
1684
5867
246
9634
451
5776
6143
1320
9441
8347
9113
4646
6755
599
23
2897
3778
7574
4746
3378
7165
504
1534
4829
9867
1472
5298
8752
3842
6026
2614
9636
934
4116
7874
8420
2917
4709
6794
7394
5266
7705
7854
4143
5617
9932
6706
6542
5355
9560
9053
9094
5738
6114
6268
6296
4877
7824
2010
9934
7888
1741
9619
7305
5255
8989
7386
3681
7918
6550
7856
424
4332
2078
4725
2627
751
4951
4468
9568
9253
1812
5263
9839
6164
4223
4187
8025
7693
3441
7664
7613
5025
5480
2405
2867
7928
4659
8648
6552
8934
6977
5898
7371
5791
3913
5163
7284
1217
6377
3832
3589
7693
6737
6551
5849
4941
8478
2341
729
2008
837
3860
3770
6997
5014
9052
2875
3902
725
8917
2093
607
6777
5660
6614
5159
3760
3975
1810
8494
743
2286
7320
9595
7939
1859
8731
565
5953
9800
2175
3851
9730
911
4637
6529
7802
9891
3704
1527
616
6901
809
5852
3369
3310
790
8031
8218
6413
7870
872
9072
6044
195
5130
4372
8732
8025
3821
2164
5218
6049
7790
6778
3394
7223
6150
5905
6464
4808
1620
4267
2532
1444
6117
3695
4093
9016
7280
4470
558
8921
3992
8436
7037
752
2856
6992
8175
4247
7053
6279
5652
1470
6820
3534
492
9587
9631
8880
8446
5621
7098
9795
5450
9285
2387
31
714
7505
5355
8170
1671
2855
7047
5134
1010
9219
727
5632
3638
8912
2199
6539
9596
737
6592
2839
9063
5112
2750
7354
2552
3436
4977
1346
2944
7846
5996
6489
8876
7859
3194
4636
7957
5803
9995
8796
5942
2636
5555
3988
7682
2234
1693
4540
3096
8994
5451
2334
7440
4478
4148
4849
8728
4344
764
666
2319
9144
4423
1601
3992
4111
5933
5993
6082
151
4858
7590
4592
967
9584
4591
258
8653
9144
1267
4438
3403
764
8661
2536
8859
9555
3376
4298
8188
3020
8078
1320
5556
3342
7292
4286
5563
5155
5507
6611
6348
5324
6204
88
5947
7057
1703
9665
3430
165
468
5642
3550
2679
5332
3380
5307
8375
1658
1985
3886
697
6233
8219
3301
2400
860
3186
7941
8573
9475
8450
2425
1250
8223
9811
9805
7767
4890
3176
1762
7550
322
5259
453
778
9870
5663
3397
3867
7514
8214
6470
6000
2478
2318
2708
4077
8920
8891
1474
1202
1609
9831
820
2547
8442
4004
8876
122
9045
8019
8661
9027
1548
3827
6372
1699
2642
3956
6251
9620
3100
3265
8878
6742
8226
1936
7989
9102
6262
5169
5863
5621
972
4008
8710
208
2270
5674
4114
4674
14
6
7348
4732
410
1675
3962
7990
8000
7955
4690
1949
6687
8530
9166
7954
8485
4930
3512
2495
1905
143
1951
969
2083
5622
9434
6952
4387
8004
2457
6587
293
3686
4085
259
228
1910
9798
2757
5183
9861
9655
5631
8413
255
1583
935
4087
5014
285
7675
4743
8722
8308
8605
8974
4221
13
5415
3706
9989
3693
5915
7394
9662
4419
863
7099
9475
295
16
9483
567
1071
2421
8302
1652
5674
5583
4388
769
1798
4877
9150
5928
4979
1896
9441
6340
4464
7097
8368
6330
2962
1710
8742
7089
5892
8403
1173
4186
8209
2894
9802
2297
124
1766
3002
9499
6936
7781
5990
6921
2493
8205
3903
9388
7895
2111
1174
5720
1323
4147
2903
7251
4591
7827
6945
135
7738
551
2539
2985
1673
4495
2808
1497
3541
2900
449
1140
7056
3290
4601
3835
9856
9048
143
4989
975
4622
6339
7018
3684
93
1743
9883
2961
2520
7014
2707
1183
5177
9473
4884
4368
5408
2269
8625
2353
36
6119
2532
3717
1225
8074
4737
8331
310
1160
6207
9160
997
2840
264
1045
1130
1662
8974
1079
4609
1553
8180
1087
4610
5924
2115
3403
4417
4811
1968
2023
1310
8809
3650
748
4891
609
4727
5723
6582
7641
4161
3121
6046
1757
4400
1645
6552
6618
5012
603
6499
2301
6673
3462
7225
7156
6481
1538
5912
6170
6558
9574
6085
7991
8040
5109
8633
4202
1056
1255
7369
9829
5285
7817
1093
5588
4797
4636
1773
5249
8175
4842
1352
6924
8187
7745
1984
6608
4913
2870
6261
8514
6692
4236
124
8100
9300
3217
6066
2393
9491
529
7105
2338
4737
4532
9835
2023
1832
1585
5832
1496
6579
7898
3637
3605
480
4734
1081
611
3156
7248
6364
5503
1563
1376
4901
8971
9106
3451
1325
406
8446
2826
4061
6036
5983
1815
1965
8332
694
3881
3901
4451
2851
1931
3903
8832
7614
2850
71
3199
7721
7276
1388
2438
4046
7201
1948
2467
9709
6205
9984
4202
722
6190
1583
3532
6938
3239
4801
3899
635
5338
3093
3951
4419
6079
3445
5823
3630
3318
3271
5240
4323
3979
8874
8180
5183
8988
2599
8336
7453
4680
8632
9815
2377
9808
483
1860
1724
8773
8256
8718
5285
8385
9956
845
2330
4443
8920
8892
1444
843
2236
951
6830
4537
2248
1083
5380
6467
3180
4953
5248
3517
1796
347
2711
5570
9855
676
3536
6638
5161
4158
5017
230
7268
9199
6890
8446
738
8764
2054
3135
8786
7549
3648
8884
2165
1938
1796
3320
5651
2097
734
2814
3034
923
3935
4462
2817
3555
7111
7848
6377
3230
9635
1158
8141
2494
7271
8713
5969
7252
7592
987
3549
2594
8789
1096
1448
6628
2568
7844
6877
9234
3816
82
2761
7747
9789
6191
8178
3578
715
6918
9073
5677
4465
8170
7913
4566
8844
3464
4424
1271
5203
9748
3251
950
4953
2752
3186
349
1284
7678
2599
6570
4493
5583
1238
9393
3916
739
3125
2091
6926
1006
8940
5827
8923
3130
8217
8098
6507
8320
7049
2824
2791
3959
813
8187
9022
9336
8310
2730
9686
6184
2482
6136
8164
4420
6927
2780
2248
7389
2706
1935
6743
5076
5500
1665
7825
9523
1722
4162
2628
797
2512
2067
5881
6265
4674
7045
6457
953
1344
5962
472
5586
7907
3956
498
9930
7310
7954
8771
2341
6798
8254
6790
391
6509
8397
7085
3964
7791
4316
2165
1563
4973
5730
7574
1364
6512
50
6029
1764
6474
2454
7303
9297
1732
5528
8673
5413
2316
9909
4392
1876
4631
8957
3531
1361
4486
8299
6685
4253
2238
2677
2231
3856
1835
221
2926
9634
4085
8221
5570
6768
2616
3866
9668
2903
3067
2660
3856
5368
7040
6368
9346
7643
9757
6420
9643
9427
8609
1395
7283
2521
5827
438
9066
7692
8132
1541
4983
9154
6868
9621
4064
8732
6546
9121
415
3995
3366
5951
2686
7369
7894
3513
1471
2793
7242
3377
7126
5233
8263
2312
4465
2965
636
8212
3908
4706
4005
4505
5171
8645
5334
9553
6761
9738
7968
7372
6160
1139
9987
8891
4610
5018
7671
3584
6747
4323
4776
5793
7305
7274
103
8084
374
5642
2479
4338
7530
6168
2313
4272
5669
7135
2744
5628
5870
3350
3915
4565
9018
319
1153
2813
5066
4134
9462
343
5764
4523
545
6551
682
7367
9007
5526
4676
8055
3400
4266
3741
8864
6881
6251
5047
2404
7536
5064
396
897
2046
8967
4155
2988
489
8495
9594
1604
4068
9433
4575
8658
400
45
3076
6908
5058
9923
1268
998
2820
6432
8305
7506
4651
2133
5063
162
7222
9814
4516
9281
6044
8189
2509
7178
9016
8856
4035
2296
6568
3632
7055
3113
6660
3143
2460
5533
6601
6357
1997
6718
3307
9310
8156
1182
5733
5427
592
1376
6142
7637
9215
1390
4220
2898
9707
4208
6409
2975
9081
1412
418
1476
8555
6519
9985
766
3502
7762
1727
9615
766
6951
2955
4953
8866
9370
1563
6487
1396
2092
8382
942
9094
7843
454
4268
1711
5559
4290
4375
8758
3930
7264
5535
1130
3803
7885
5629
9131
2657
2213
7507
2751
5294
7688
498
8681
9373
4867
3824
766
7157
3933
2376
4142
6326
295
179
9088
2933
6646
3206
7942
6476
9105
3366
3281
549
5211
6380
2352
2155
754
6044
6768
9481
9007
4645
8709
6632
9881
6676
7437
422
2173
5062
8986
7793
2473
3695
3922
9682
726
9304
8048
5718
1055
801
4977
7403
1927
6008
9778
8979
6494
4328
3277
7285
8811
7599
7587
2078
2
3406
9970
877
462
9279
4266
9688
5050
4585
6268
7232
2824
7680
9009
6519
6374
5275
3621
2241
3422
6095
7687
8799
1527
6647
8766
7819
2486
3857
2117
9684
5675
8491
754
5727
9022
8243
1197
9787
969
221
8490
8329
990
4113
6862
5963
3518
3876
2855
1977
8405
7134
5147
8936
5843
6244
2257
4576
2855
7656
2320
144
9813
5227
5365
4401
9913
1931
4049
5797
6160
9951
9642
5166
3030
6040
4119
3028
2566
5207
1464
1442
9793
3204
8511
7822
6724
2315
6282
1917
4996
286
4005
181
6604
1632
9727
3687
3051
2568
2670
7303
5990
4249
360
4449
9651
3588
1459
744
5715
8763
4772
5926
8211
9865
2563
5301
2181
3988
7930
8859
8444
5553
3918
9766
9105
404
2249
4616
5976
5063
1467
7491
1648
7220
6219
3537
7850
8596
2090
630
7310
3048
5293
3323
9463
1583
1740
2317
8508
2770
7378
1898
5770
1898
1257
6655
1201
9683
5956
5687
8076
6036
8630
455
5570
7387
1495
5525
3871
4644
4287
7681
2811
1712
7313
2800
7554
112
9464
3724
6927
4750
4272
8108
7075
3535
4915
9461
723
6429
3206
4331
8283
3865
3995
1978
1934
2811
2358
9498
3749
9997
2967
1588
9654
4152
8840
548
5022
3840
3720
4246
2764
7962
5764
6122
7685
6491
4260
5182
6639
6721
1879
2746
3587
2281
2512
5870
413
8377
3910
5861
5467
8012
4987
2897
8119
3469
9888
3739
1037
7787
4250
5965
4842
7420
53
6072
2344
676
2495
3941
7464
678
3257
2560
1809
763
2069
1720
7962
5950
7123
9017
4530
7798
9448
7739
3471
4254
8908
8916
9645
8083
1493
3150
5274
1248
2166
4745
1545
4233
694
361
6463
8066
7070
7794
5158
2700
8778
4277
231
9294
2900
7947
657
7511
8986
2081
9641
3299
5326
9599
6398
7979
972
4129
1257
5829
7999
9304
8921
1630
2582
1651
455
381
6184
7952
3996
877
7199
4960
4385
3344
5582
3758
3176
6162
6788
5897
1699
582
9300
1823
700
2225
6339
9456
2463
5005
6332
5753
172
9206
7858
7023
4025
684
1323
3953
7399
2729
295
7995
3814
8821
4671
1137
5894
9484
1410
8707
3225
4157
4928
3926
7424
176
5533
937
7097
9058
2448
4511
8450
4340
5927
1223
7593
2861
6008
7471
8339
3481
2460
4502
4971
3389
6102
5553
1583
9937
2884
8303
6767
5256
3701
4777
535
6338
2947
9284
3766
3045
1049
6991
3600
8224
4278
4720
6365
1911
7347
6994
3922
8193
5832
1783
8799
4481
7884
592
5179
5451
733
5706
9141
9974
6204
3916
7250
4594
7303
1666
7875
5682
910
8659
2498
1302
3340
4829
2518
5553
6102
4697
1965
276
2085
1015
3384
6101
9953
4528
8380
5704
7440
1435
4752
7365
8693
5267
3934
2845
5897
2883
2835
3432
8971
7066
7504
9974
3964
9515
4843
4862
7484
4743
6393
5703
1745
1755
9080
1455
5026
7063
5620
3496
9181
2233
6810
1973
1880
6273
5265
8292
5106
5581
8647
3182
6251
3814
7520
7464
6500
5565
1688
5960
5264
9932
1114
9297
6037
2111
2642
2708
839
7837
2476
8278
3062
606
9323
8725
5361
7029
5134
2340
9361
3442
546
6605
902
6381
9786
6670
496
831
1489
8236
1727
1562
4841
3346
7091
9577
331
9412
6174
4146
3123
6863
884
6114
2330
4560
5850
1638
4382
6744
2368
8981
8962
930
5879
9100
3897
9636
2850
8284
7570
2643
8204
9454
4934
2029
7611
3066
4128
1559
5580
761
7294
4376
4766
6744
5326
3380
514
857
9526
9659
2756
1755
852
2232
3468
2422
3517
4561
7458
9623
8378
6770
4185
9110
6685
4061
624
7891
7794
2155
603
6854
8330
4612
4259
543
6622
7625
3690
6290
3086
9871
1169
1386
2126
5452
163
8744
682
8398
2298
5724
3294
3298
2412
9711
6449
2016
5366
1806
6623
1137
6870
3337
2944
6750
2925
5405
5185
4756
9408
4293
8335
4049
7953
1347
602
9746
9524
7696
5903
9371
1881
2413
2024
1481
3160
8002
8222
2497
2347
3449
655
6002
7004
846
4920
6764
849
60
5015
1654
6309
7184
4264
4167
3811
4644
6491
9704
1999
841
4209
4845
2637
4393
8656
3349
6507
7633
7158
1459
847
3519
9641
2764
2738
1159
4482
6386
4915
2809
4152
4503
1495
5415
1938
2203
5885
1102
7960
810
7405
5311
6675
5614
2888
7196
9473
166
2882
4610
5919
3009
9618
9701
9589
2717
7765
7124
4309
3095
6915
5487
6940
7287
1747
7110
6384
4621
5777
1271
8513
8429
1821
9794
3594
6275
5857
3144
5290
6362
8610
5180
690
7936
9683
7801
6933
5802
2276
4158
7105
7602
5740
6430
5180
803
7942
4182
669
6498
7628
8073
3154
4449
4361
5597
9075
5196
140
588
8706
3076
2065
8010
8876
8921
7093
2162
9926
5147
3927
2752
384
6053
1628
3303
3042
5389
9660
2400
2746
997
7700
6051
779
3029
8137
5257
182
5008
6023
3244
118
7874
5549
7290
1872
1859
4533
3878
4942
5512
6130
3636
980
5723
1630
442
1883
9797
3774
5206
2988
9918
7329
224
6179
9926
9989
9166
5737
1907
1164
7751
9025
5040
9582
3533
5581
6775
136
727
812
9141
557
8077
2467
8647
1415
5370
9376
810
3708
4471
2530
9897
9266
1702
3596
1251
7819
3497
1443
1200
4354
4250
7478
5630
6225
3208
2633
6474
6261
464
4549
1368
1875
5098
9781
8724
7671
3718
4967
11
1986
4817
4798
2389
9059
6472
9221
3154
1235
3170
2605
7002
7975
914
3091
2540
6283
9852
1329
9094
3859
1715
5297
417
3628
3487
3958
3527
2844
8431
7169
7862
2778
1022
3179
4040
9777
2083
1802
9466
4581
8464
5676
7526
997
9520
9660
9368
4909
1705
7822
6935
855
3362
4395
434
5771
5624
4842
785
9992
4888
6070
7496
6559
4132
1404
920
5100
3478
9663
3805
7314
2141
6600
9101
8932
9752
5590
7062
9603
5642
6543
2451
1194
9321
3583
8173
6757
3529
1432
102
3787
3283
8982
4919
8250
7247
4687
6384
453
1689
2980
747
2135
543
1080
1338
6145
2898
2835
9316
6678
5996
4686
1542
1595
8826
9207
500
591
5614
5569
7235
6356
4632
753
4474
4878
4498
3079
7649
8319
7336
9080
4060
2578
6129
1344
5150
1066
3414
4815
9166
2480
885
7373
4494
8793
9192
3252
6167
4912
9748
3148
3823
9363
1971
6715
680
1242
5026
3834
864
7220
8201
8551
4628
5187
5927
8074
7075
8103
5183
3291
2331
1872
7738
2596
4996
8872
4263
4736
8723
7120
9814
4599
8168
7976
4609
9219
1379
4553
5250
9927
4990
9587
3528
4578
2052
729
199
1136
1627
7610
183
6702
6941
3105
8180
3527
7226
406
9468
6736
9815
309
2540
5876
6469
8919
8522
3149
9550
741
5573
6925
1473
4533
1250
8285
2503
8340
7182
3245
7650
9454
8716
9897
2536
1757
9257
9146
8868
8097
6851
649
1052
5027
8187
3250
577
7097
8909
3000
6673
5042
8975
1662
5966
6951
6229
7902
781
773
4550
9963
1810
6980
4888
13
4317
9519
3285
8257
8587
2754
7454
4811
3106
300
7273
8090
3218
8690
9147
6053
6705
2953
4921
3860
7784
6260
8618
2015
8222
1446
4036
837
7351
6713
7905
3226
3289
2846
1208
6189
6438
8740
9714
2759
7481
5597
2506
432
7789
3728
2037
9879
8653
4585
2021
2029
1317
3227
9552
7306
4250
5949
8729
1135
9939
867
5639
6572
5021
2010
7289
7755
6337
2322
3143
2200
2324
930
1626
2389
6050
5517
349
857
3006
3612
2035
6767
6127
8678
1507
5205
9056
2657
6697
1587
6715
2668
8669
2185
9237
8625
7006
7595
1946
587
3199
5923
6270
374
4908
1626
743
43
742
4711
6737
1747
6729
2613
6488
5021
991
6942
169
2277
2554
7687
2081
4436
4006
4644
2254
9016
7827
1342
478
9324
5604
3870
6824
7398
1127
2510
3928
4592
4998
9869
5974
3131
3197
5976
7318
1832
7127
1108
1927
5949
3744
2837
5663
1402
9742
1463
2085
7321
1568
2696
5665
3688
1806
3243
4033
6414
583
3145
2442
4372
9255
9228
4930
7640
5819
3148
7449
3501
8848
6629
1526
3153
3811
2111
3766
7395
1479
8192
1572
3110
4206
1161
6314
475
6652
6718
1535
3851
9309
1338
311
3693
1306
9288
5263
732
4832
2037
4847
8202
7955
8071
9703
7713
5093
5564
9633
2962
4156
28
1040
7678
4299
7496
3282
8099
8676
8325
9858
2756
9699
6261
7943
4121
1874
1924
680
1634
1260
4158
687
9147
7309
5772
5030
4872
4795
4811
370
1729
5840
2694
4468
3514
1733
2903
2518
5784
6895
4317
8331
3041
6348
5870
8463
8779
8355
3577
1730
4024
6724
1001
9942
9100
8866
8018
3911
1096
6821
1591
9754
8240
3138
8690
1623
7618
4693
7056
2022
2877
8581
9892
2536
1097
5905
8154
7637
3965
7729
3926
4801
7100
7350
5182
7523
2107
4948
1083
5751
5090
6564
7053
3795
2378
3382
9019
4154
788
2434
7483
1611
2444
4124
5577
8451
6239
6590
4325
9211
9756
2437
7618
5969
7109
3868
362
7699
6392
7297
5629
5591
2864
6188
1345
5018
9078
4417
6603
7744
5483
5172
190
1361
4703
7860
9965
6602
7360
6243
4362
2587
453
1025
3909
2115
2089
8912
6595
2635
457
2337
2750
4991
9619
2417
6180
6462
9850
6769
9346
8702
632
4430
9088
6065
4741
7347
192
1461
8448
4409
980
93
1402
4072
3221
1369
2995
8708
7572
9876
6976
456
6574
3982
4313
1265
8427
574
5954
1051
5853
2461
3537
9062
7866
560
7154
119
286
2510
1007
5250
7410
1566
1776
5416
3693
5518
270
5652
2938
4960
2490
8024
153
6840
1450
9702
7061
6806
5304
4660
6605
9602
9007
1698
5481
8895
8934
7671
3488
391
2868
162
2138
6352
8256
3559
7938
8687
7127
194
2156
5048
9107
7961
8291
9482
3359
249
3717
5298
8974
8143
4360
2093
7675
1320
6667
3203
2529
1743
8595
7889
1780
6703
3602
8018
1370
628
9939
1979
3309
7979
9054
2148
2104
1888
8873
4771
5214
8343
2519
4919
7044
1110
7050
2075
2558
6385
2530
8668
7887
9175
4252
2493
1587
8644
3553
6682
9496
4788
4060
9729
4215
464
1228
9777
8217
9501
5558
1724
3603
7302
9410
8710
5981
4663
7158
3755
7037
8881
5837
7314
8912
9109
4259
9778
6388
6169
9512
9679
8669
3778
1877
6341
1145
3382
2968
2958
5216
8218
2462
333
7829
8318
9475
4997
3438
2200
3874
408
7833
9093
3575
4178
9473
1878
8095
574
9203
5500
9110
7130
8119
6221
8976
6619
8844
4318
3518
3458
5260
3832
5388
952
5364
6669
5170
8008
7573
5073
3230
2726
9036
112
1902
7074
3316
5360
4499
2220
7193
4359
7031
1765
46
3507
4454
1927
2696
1877
5123
1993
4353
6844
6272
2714
956
3143
8863
9011
1841
3194
9427
9917
1137
6417
2190
9075
4239
2812
9705
7735
2962
6192
9882
212
7886
4827
5183
2017
7736
7350
3008
558
8922
5779
1736
901
9524
840
4309
6589
5492
1121
4699
7774
5943
5403
7739
7046
6328
7472
9305
9793
6786
3558
4775
5666
840
7630
2116
3513
3344
9429
9358
8864
4310
3210
9176
6852
1769
9861
6633
4047
9107
7368
2571
8072
1933
6468
6954
8613
4843
3251
6815
6187
7534
6621
3721
5337
1369
1626
3148
2865
980
6176
8240
8929
5346
2127
4121
9799
8234
8204
8737
3687
6178
5651
5544
8329
9492
3026
9908
679
4451
1033
2288
3034
5360
9087
1924
6926
7163
1780
3458
2575
3110
8711
5280
3581
1213
588
692
1079
1522
4671
120
1703
109
665
369
5308
7914
2951
940
7316
8398
870
8516
9955
179
7053
7883
7217
6387
2826
8035
5652
689
4270
6473
3204
9892
3988
7922
16
4726
2297
9643
4508
1397
5947
5401
9707
4515
3331
8132
3377
945
4404
772
8387
7573
7749
1895
877
6972
4535
7946
4197
7225
2077
596
3944
6105
5760
1280
3866
6197
8809
570
437
2105
1140
4599
3956
8810
9759
4575
8188
2218
9831
4101
8550
6638
1067
2889
4192
615
3678
3541
7631
2275
3027
187
604
8900
4839
82
3733
2879
3521
9439
9626
7155
8935
739
1370
6320
7364
288
3149
3575
2157
3059
5769
7381
4901
3212
8852
5135
9838
2307
8389
1619
1800
1415
9621
9383
8029
9363
8946
2037
5030
3951
6573
3507
2842
6677
881
3523
1536
8440
8151
998
7627
8669
355
2859
5682
3077
7941
6528
8927
7152
7817
3300
1861
1548
489
2792
9000
9309
4608
1563
7762
4016
2812
2838
6254
9851
5384
9536
6570
5170
8180
9723
2252
3039
4094
2924
2496
6871
4099
1043
9782
3250
6586
2706
578
1352
2815
1603
2823
4018
6537
3977
2528
6239
3997
5334
5423
8024
8536
8815
6215
9256
9968
7056
6185
5828
3356
8384
4932
8858
7449
327
1283
9487
734
7137
1320
9902
1813
5930
9105
9593
7061
1757
4986
2737
6574
4088
2768
6595
6950
7430
2077
8874
4792
3998
8967
202
9918
1766
9358
7482
1819
5592
7582
2435
9594
5583
9823
2164
997
5384
2161
5016
7426
899
3812
6236
171
3226
4292
3069
3292
5790
7209
2727
3790
3007
6809
3667
4938
1063
542
9060
3459
5164
6454
3837
8989
3820
6279
1451
9549
6303
5192
6019
4962
6527
6695
6687
977
2707
9084
8326
4340
6415
3377
2196
1755
7212
1917
9078
9799
6324
5642
7147
9373
135
4372
4622
6841
142
9526
8511
3416
9659
7175
3179
3709
1370
1375
1835
8757
3342
2188
2173
8023
6160
3781
3882
5944
9835
8196
9091
5800
8112
669
4957
4841
6070
459
9549
5812
8892
7344
4965
4354
1011
4491
1594
2424
2988
5389
9189
4346
7868
8518
5308
1994
4575
9396
3794
8167
4967
2368
56
5149
287
1266
4865
9356
502
5753
784
3726
9276
8153
9875
5745
9424
7749
4367
3206
6608
623
7243
6028
9409
417
3758
108
7046
8577
5160
572
7856
7813
8675
8829
6771
7747
7331
6302
5453
5633
3631
8191
9367
5226
58
2693
9670
6058
5557
1149
9885
2692
724
9763
3558
8413
4902
5671
480
1274
3696
125
6575
4111
9751
3317
7105
7350
9007
1112
7740
2773
5371
6236
426
4872
5478
5382
9252
8336
9473
1617
4970
1514
7955
7174
9737
5281
5669
9091
6544
3624
2036
4328
7528
6737
5844
6566
3813
5559
7854
1589
9649
3359
2674
1569
1750
2335
2126
482
1600
378
3706
1133
851
5703
6350
9064
4805
3026
3793
6970
6729
4937
6612
7613
8179
7240
9922
7175
4355
4443
9019
2807
6725
1261
6725
1586
7586
2679
8227
6309
482
5809
3116
6320
8103
2660
6561
7263
2878
5258
3588
7818
3779
8882
2451
1390
336
6835
5938
9710
8890
7614
6163
9275
1789
338
5911
5028
