3672
6799
9675
1
6346
512
5913
4333
4169
5777
8948
3294
1813
9886
1270
6102
7665
4918
9941
2249
9945
7263
5856
7504
9629
93
238
3859
3463
5194
4166
9862
1381
4236
6867
1299
2076
9573
5143
9502
7629
1481
1662
9119
9772
4562
5751
1149
4918
148
3439
5712
4118
9342
5418
4645
6981
629
754
8233
4320
5281
925
9103
286
8267
8983
9922
6311
9606
3725
4329
2252
434
5666
8290
6949
9088
7957
3105
8604
9205
6278
578
1832
1105
4907
1054
6365
9304
3375
266
9548
3078
8577
3166
5422
5920
1469
1898
7847
3007
5319
8013
5803
5699
4429
4701
6741
6601
9870
5314
4065
9289
1830
4815
8794
5035
5393
3420
6109
648
5493
8158
5735
3532
7851
8338
3646
9190
9793
7252
5258
6124
2048
3298
1500
7319
3570
1203
3181
1392
1659
3030
2312
3369
4227
4565
9260
2627
8246
9928
8435
7803
9310
1337
8838
8123
8042
8572
1824
4200
5539
698
6804
8047
8570
9503
8704
8047
3927
8589
2039
231
9355
3940
3995
4306
8134
6934
6509
7544
1578
1165
5090
4562
856
3885
5961
5735
8578
3608
3440
6660
526
2546
7040
8237
2622
8036
7280
1732
9653
6515
5002
300
2743
1682
2702
972
6534
8847
417
8208
1930
2455
1293
4724
7119
4758
2201
9967
7154
9922
2633
5059
7472
6308
637
7191
7322
8202
228
640
1425
4893
1982
7704
9226
882
5006
3941
4468
4416
8432
2487
8783
9510
200
4203
3837
5863
162
2004
2814
9409
3090
3226
8493
7311
2933
3927
9761
26
1169
988
7310
3520
5159
2596
8878
9112
7765
2482
3525
4207
2764
3960
9403
1551
4914
3635
5220
2376
511
7312
5806
935
5829
8010
4688
8282
2165
5194
4154
6039
6350
9599
7891
6830
9647
4203
1541
9275
406
2003
3659
2276
8342
2599
9140
8059
3273
4754
7426
7644
6770
2927
7728
8276
9561
7707
374
1133
9887
5209
8958
4366
2027
2408
8937
9887
5150
7278
6655
9311
6079
1022
3730
424
5001
7306
3392
1613
6800
9463
3673
2269
3055
1783
7952
8370
3165
1163
3790
9443
8781
4477
4790
2073
9703
2362
8928
6636
4686
9644
5926
3015
931
7518
2562
5127
3455
354
9444
1672
7585
2979
3451
3238
2277
6567
2989
8656
2883
9920
6648
7364
2880
9077
7850
5261
3036
2947
4456
7671
4391
4681
7909
5513
2685
7485
5826
2289
1175
1385
7009
9296
1245
9920
5705
7782
1031
8362
9129
6130
7433
2071
7615
5052
5450
6518
1970
1192
6439
6741
3174
2685
5799
6164
8917
3437
2829
480
1517
4617
7362
9578
2597
187
217
367
8933
93
7911
5037
2557
5560
3437
6766
8013
4336
7353
8620
623
4435
9070
1074
8598
2552
6085
1653
3163
919
1991
4743
6187
8564
8225
3772
1992
6231
6946
2075
8886
4895
4965
6619
2999
7627
3669
1975
143
8259
3435
8340
664
7295
6797
8354
4233
1997
6467
1737
9213
8071
8009
8246
3315
4941
2162
9536
8456
4482
8278
2549
5645
3263
9049
4587
6889
5965
605
5326
5509
646
57
6505
1802
8986
8217
366
6338
5631
2232
8781
4437
970
5056
3153
703
3621
7464
8132
8778
5674
3526
5517
1359
5878
9844
7815
2466
1292
2477
4796
522
4483
5488
9262
8392
7096
5003
2662
4879
1801
9457
2440
1765
3082
3605
3483
387
4163
4523
6080
1392
137
9782
5491
5014
3646
4734
1663
3360
1007
8106
3535
3266
8575
5130
6158
9614
1857
5521
2710
4223
3477
364
4480
6905
4811
9759
9747
7250
9720
433
1032
5556
5190
8322
9412
9670
8725
2395
253
3855
6151
4604
2686
5883
5585
5286
405
7659
2841
6260
3115
731
8023
2596
82
3361
5201
3195
8051
4000
7306
3455
1599
2609
4810
9778
6205
4332
396
841
6312
8063
7048
5464
2046
7463
8233
6547
4471
2743
5954
3841
8361
1560
3812
3353
1711
7369
4140
8119
9807
7722
3017
9437
6765
8531
8717
9796
3837
4858
1680
1311
2311
8312
1873
0
7660
6273
4655
4468
1515
3398
5690
3243
1816
6556
6888
3534
5640
9661
4877
6288
216
1310
756
9666
6480
1262
5827
6594
4487
2151
8291
9459
8947
5780
1302
6573
2767
4904
2087
602
4209
3269
8304
9991
4516
2539
1289
487
2961
3695
8244
9568
9880
4976
2818
7732
1056
5205
3310
4076
8943
2260
4193
7225
3086
8833
542
4124
3533
7780
6780
4693
6464
1747
7745
7412
7426
4156
845
4066
5578
4236
1701
8604
9595
9178
664
5669
6569
9811
9097
5740
9746
9388
4316
1125
6153
9162
1962
778
4784
6263
2004
4442
4324
9028
2181
8077
4511
786
1434
8843
1607
7901
5452
1132
3629
3570
8177
8399
9439
4499
3355
8318
531
980
6357
8577
4539
1201
6388
8278
2352
7432
5973
124
1282
5416
6452
8857
6488
3850
5239
3518
310
2548
2655
9401
5876
2093
264
3591
1402
2371
5608
5921
3723
1713
4433
3614
6759
5396
8122
4845
1749
1780
9100
7914
3753
8013
4648
7287
5324
435
4965
2487
7557
6086
6769
9595
537
7404
4484
3328
4100
3371
8718
7973
3868
597
1945
2517
1824
7521
2296
130
6116
7674
1030
6114
9136
6943
2112
4875
3079
5213
3078
8717
1841
3062
8709
4057
8589
5904
9601
5883
2164
9907
8250
9212
3449
2383
7921
9823
6215
5128
8713
7789
3081
6484
3714
7446
2858
8505
8272
7947
2819
2361
3080
8258
4336
6606
9884
3260
3264
1448
5711
3510
9116
5545
9582
3120
1558
5252
4586
5647
1528
3372
4045
9995
2605
5076
8541
7134
2060
9735
7073
9514
4940
8547
2801
9233
5081
3025
1016
7442
7547
8723
6339
9623
393
2357
2735
99
9837
3143
1264
3213
418
2317
2467
8048
4734
7980
5276
3186
3630
5388
8027
5653
118
7070
7645
8463
2382
5341
3660
5733
2711
4720
5783
4384
2117
4354
3688
1963
4328
8478
4206
8111
4609
9283
400
2059
379
5296
6586
7442
3746
4507
6007
3622
5315
7036
7406
9702
2786
8134
2151
3124
589
6945
9082
6083
5145
1013
3603
1675
2342
7437
3829
8485
705
2529
8081
3597
7808
481
4266
7412
8345
5634
5191
65
4437
2101
769
649
9755
1192
2120
2843
1759
7811
7396
6834
941
2017
3523
9875
6908
1641
4058
2335
8199
9138
2867
6877
4592
2273
6955
5184
4439
6093
1395
4188
756
8722
1567
862
9502
8370
2985
3261
8958
9220
9817
3205
2979
7631
2207
4513
5362
2543
6415
5706
4355
280
9980
195
7155
6258
6042
8409
8835
8429
1009
1864
4083
6426
2043
5447
8187
3706
726
9403
9501
8128
443
4425
3498
531
1058
81
8133
3711
6064
6419
3853
6950
7242
2183
4765
2782
2401
404
1899
1802
232
8006
8215
6949
999
6435
6925
1723
907
4087
8517
7468
1059
6591
216
378
8698
4897
7129
3969
7178
1805
7946
274
1492
9435
3185
1444
6183
2193
401
9855
8920
6332
8221
8736
6155
4032
8906
3336
6984
7320
1929
7332
2203
903
1716
7135
8352
1611
6443
7645
249
2121
1827
4259
7056
8966
7691
6656
690
908
5037
8031
1076
8902
1089
4563
7841
5726
2001
8870
6393
5706
9544
3680
1473
560
7094
1348
3711
3175
6719
9587
2005
952
6505
4168
5447
957
4028
5532
7295
7047
3582
3562
4304
5070
9747
1608
2117
3906
7416
4073
8051
5340
5110
9906
5223
3738
2591
3025
1147
7501
1380
7554
2794
6359
2216
6632
4405
1434
5540
3684
4324
1189
9112
4156
7965
8277
9773
9110
4083
4046
7715
5992
6543
3207
1648
1311
9170
978
2302
3829
778
6269
290
2382
2205
3278
3621
556
9253
4113
9244
5334
9279
1911
9402
5053
6469
913
8188
713
1816
7463
6693
2952
5312
1568
4269
8211
5792
3209
5048
9655
3963
1029
2806
6234
2776
3405
2838
7558
8908
9283
4771
1519
4938
707
2249
3493
5307
9251
7085
3094
8509
4924
6959
3367
878
704
4947
3201
3574
3359
3716
6782
7850
8430
5711
7876
2960
4258
1269
1672
263
5821
8473
1894
6712
4158
1437
8622
5229
8636
672
1745
1891
7112
2707
6150
7586
1357
4028
9316
4313
3941
1579
6067
9001
5657
6473
6742
3472
2114
4049
4046
6624
275
6191
1050
149
2458
2653
3623
7466
2607
2392
8527
954
5138
2263
5629
8221
3482
3131
6253
8550
4246
7870
7186
9857
9607
6528
2068
1183
5083
3268
760
3243
4987
705
910
966
6848
5025
3577
1570
6285
2907
4353
145
888
2388
2554
7898
2943
7894
2577
129
4647
8109
846
646
5771
6312
8679
3241
8019
3690
3097
9493
2081
6728
7814
222
9320
7420
5241
6152
8412
9551
998
3769
5611
1957
9006
5167
2005
2157
859
8372
5869
6103
1135
4523
6939
9549
9452
277
8646
5588
7168
154
1748
4163
3599
6895
2027
3153
821
5205
7447
1363
5428
9889
4407
8542
5684
739
2756
5634
1914
8759
8219
6436
2443
4757
8573
2446
7273
6992
1405
68
9150
8505
3722
3426
7722
4275
2083
439
1635
2500
7661
5814
9977
2274
2106
524
2242
7104
7054
2736
5044
7867
8621
488
4834
6467
1445
8804
8412
9253
7726
7838
5684
1153
9168
1420
659
7628
6608
3806
8546
5676
260
4601
1548
4444
9580
3929
4054
5779
32
6433
7883
2414
9923
5541
2265
6558
7468
3948
2064
8617
4128
9818
8081
2195
5652
4391
485
6886
9663
9098
1869
9160
9058
1688
2398
409
1789
5897
9010
3221
8108
2080
1848
1465
8232
3116
6850
3241
9468
205
4874
612
4864
2462
9396
7765
2736
65
372
4501
8371
1593
4453
7887
8795
5267
5714
335
7512
8111
5098
6820
2277
7001
29
9771
2847
4704
9640
7897
457
6510
5783
734
2558
225
3129
4300
2619
2284
163
390
1180
3960
9578
2415
9255
2898
1989
1030
4457
8850
2389
771
3336
4557
4949
6373
9252
9154
4396
6912
5977
527
328
7104
4435
3068
8482
6547
2057
7245
2168
241
6520
1103
8456
7492
4280
4417
7510
9404
5513
8342
8535
6751
4876
278
9438
1453
273
1979
3171
3446
7202
4409
5825
9934
5355
3899
6119
2290
9241
6337
778
6918
8997
4398
7125
5629
161
1147
2224
7725
7239
6338
764
8756
1578
544
4002
5038
6419
3865
4397
3636
4102
5769
1544
7912
2116
5251
5402
4092
7576
8089
7759
3628
9823
2948
295
9683
5849
3622
2908
3283
7693
4827
3816
6978
2705
1703
4134
8982
8019
7575
8941
1582
212
4997
7445
2400
6448
8126
2692
2812
2548
3278
4465
1143
6508
8606
485
6203
7817
7545
5945
6131
7049
1956
702
8994
6614
4750
5875
2891
5386
8058
8172
5936
1198
8064
8515
8058
3266
6131
8023
8760
9501
4501
8132
6170
1096
2532
6722
6997
3442
6563
283
1677
8700
8859
4406
2461
3482
885
575
2453
7760
4897
8606
1991
3301
3560
1457
1066
4408
9855
36
1578
7046
6912
8510
1785
7251
7383
9194
4146
6183
1066
2664
4556
4644
6991
2197
4583
8764
9061
2635
8466
5622
6974
4825
9441
5064
3159
2062
9130
1640
389
1017
2576
3582
1937
2598
4958
7709
907
5010
6824
9804
3001
4187
137
7415
3052
9627
7286
9201
4874
6782
7400
2820
1966
9652
9936
7990
9363
3280
5082
1121
8865
3968
2109
5466
4479
4356
7068
2826
4053
7687
622
1384
73
8700
4016
4853
984
1848
2105
6162
9678
6977
2696
8846
8593
2470
4109
8145
4308
9402
9537
5837
795
717
4090
2307
4631
7961
3740
2138
7489
5127
3536
3703
8253
4155
2699
1522
2621
1245
8857
8597
9618
3873
3190
1137
2029
3091
1670
6692
4288
7568
9168
1648
3391
6766
4860
5806
6292
6748
1747
17
938
1164
3415
9499
2630
8952
3518
9468
5259
36
9442
3515
6589
5112
4248
5032
1693
9698
3766
2198
6658
375
390
7589
2190
8630
729
2076
2246
6312
7499
2070
5187
4478
4048
3505
9458
4587
7479
2414
3159
4263
5610
2299
4371
4781
6322
5451
3869
2777
2384
9766
9575
3345
1162
2099
54
9930
5154
5435
6466
4676
8350
3629
8905
6800
1271
9653
9649
1174
1322
824
7661
1945
7147
9020
4095
1924
3509
9901
2414
3721
5867
1928
9435
136
3617
1813
1954
4296
5517
5288
9201
1583
1411
4519
2029
6160
4619
6722
7200
321
5248
8346
2075
8871
5248
2981
7436
1129
1555
7413
98
2391
4371
9928
1155
525
5974
1738
917
670
1913
5189
3844
2977
2003
6234
5479
3081
8817
1022
4716
3701
9675
3405
7007
8161
2549
7228
3682
8512
5079
5323
6700
4576
4568
4061
2112
6254
8033
4132
4486
6960
4997
655
2815
3176
2055
8707
24
4166
118
5685
6405
7661
8539
1727
6804
6825
9416
4038
4413
6671
9161
1850
2669
655
7969
7955
3867
3559
1524
4653
9829
5681
3202
9554
9317
3854
9560
5654
9859
2846
5666
4864
7476
7086
8846
2686
911
440
9271
5411
4059
2623
4005
3633
3785
2203
8727
6947
6264
3397
2457
1526
8850
334
6702
8211
3034
1463
2474
7134
3441
5344
476
9158
5895
70
779
3741
689
3192
9697
4361
3411
7189
6106
2092
9530
3104
2239
7029
9888
2475
2427
2523
5450
3701
7607
5344
5704
7755
3563
7255
9001
8781
4930
3976
4617
2304
4429
8677
3344
2662
4419
3692
6439
3198
6148
83
2538
9420
8395
4239
2882
4276
7656
3804
2836
1227
5641
8591
2677
8211
513
4681
8490
7630
4056
4690
9035
6779
5432
4741
881
5775
9061
5721
8185
6733
7572
6767
102
8007
3086
8256
7077
6608
720
5614
421
4896
7348
5656
6952
8347
8420
4239
3973
8319
6211
8170
2118
8777
7636
6764
8106
9132
2071
1526
919
550
1806
906
9814
9124
9909
5843
1058
787
1070
4380
9428
1461
9690
4695
3474
7112
7950
6350
5332
4596
9706
5286
2914
2223
8143
4663
7789
7155
9063
8043
2260
1755
8093
238
7671
9153
8833
254
8265
7830
95
9300
4248
1081
2433
867
9616
5815
2931
7944
482
2055
8675
6564
2406
5625
1244
5332
9055
9731
5224
6874
709
9486
8676
1307
3157
2225
2568
3055
5714
877
3575
1100
5154
4952
6166
8478
4185
4540
9871
1159
1883
4205
5725
5962
7109
1660
9072
4115
7487
4404
1895
4929
827
6756
1686
8923
7804
6291
2896
8142
7945
2395
6046
3230
8485
4274
4587
6969
1030
9855
9590
569
7455
2438
3306
4652
5435
4068
7117
9622
1140
8791
1363
4297
9457
667
932
6345
7753
6077
637
7305
7816
4915
6491
2628
2745
1995
6559
7841
4126
6873
6907
4151
2949
8876
3482
1322
2102
9232
6057
4873
1311
8273
9968
991
7138
5687
9389
1241
2458
3220
722
2175
652
9125
755
7838
4688
8526
304
6078
1609
5232
3110
2871
5550
418
8929
4465
6408
940
6421
3619
9060
145
3642
3870
8811
536
826
5181
3323
5348
4978
3480
9201
3961
236
5134
4222
2789
3144
2926
7377
1407
3348
7496
4865
3104
675
9096
7246
6982
8510
3452
9439
8148
5542
1853
744
5581
3387
8284
7641
1355
5089
4398
365
503
2344
4958
2881
8689
6982
6594
4471
2858
1026
3902
3767
9585
5187
7015
8836
39
9870
1348
7843
4370
288
8620
3197
6569
4074
9040
9091
9562
364
1669
7454
236
8076
1704
3697
8818
5224
5956
4416
5450
9303
3878
106
7907
2291
7571
2618
772
7167
8210
4917
6553
3361
3762
5911
870
6111
1848
7697
5682
9535
7383
237
1520
6484
6948
4804
1526
2093
9825
2870
3652
620
6386
9512
2607
5140
5846
9063
3843
6851
9370
3947
6866
5639
3669
1443
3218
8546
3605
3219
2527
2847
2263
181
1644
9582
2433
7817
8509
8601
241
8222
367
1947
3325
4401
6117
7282
6888
5829
8115
6708
2821
2373
4663
1688
4748
3320
6159
6548
8223
1775
745
199
5305
3789
7954
6802
8588
3330
4934
9121
3616
1110
8807
2629
2457
608
4392
410
8988
1547
9579
4495
401
8291
3902
8021
481
4929
7659
6994
5210
310
7601
7472
5105
6409
2217
9669
2137
1017
2351
3636
989
7958
8944
365
2891
6860
7608
2238
7658
591
7477
7490
3226
9731
6447
8821
40
5407
6283
6294
1168
5770
2305
940
2049
9700
8611
1471
949
4041
8967
3787
3163
1735
9821
7519
4088
9076
398
8540
2270
7306
9973
9083
5586
8432
9197
462
4826
6397
7604
1473
2377
1442
6307
2970
9069
8072
9077
1793
2740
8128
1626
6737
2454
2808
1393
247
4906
1206
5536
1854
8764
125
9948
3086
1684
4495
3262
9576
2639
2939
8252
760
4640
664
4278
4848
5091
5419
4768
6548
6187
7062
5832
1991
5974
2487
7666
396
1981
9761
1051
6618
9134
1003
9338
9167
7967
2988
3001
2510
1050
443
7001
4486
7618
7596
636
4026
6479
3085
1189
2994
5085
4592
8537
2725
9396
5534
2797
1568
2502
6986
9725
3764
3185
8925
6549
8593
1670
4128
4500
2428
9108
1329
6455
1296
3352
2464
114
5723
1395
1835
9131
7746
582
5078
6215
4729
9013
5125
8192
8536
3041
1498
8870
2083
4263
7828
4453
3249
512
4546
5868
675
9053
7306
734
6283
3063
4317
8765
851
3482
856
2789
4648
3639
8867
1991
4720
5036
874
7982
1688
6130
3788
3811
3208
5967
6655
3858
3237
2181
9034
8543
2184
5732
2464
4555
4350
4239
486
296
2114
8819
3857
5306
830
8606
4290
4329
969
4689
2131
2221
4505
9433
6802
442
8863
5101
4968
7658
6626
532
6562
3305
4564
4340
2441
1398
3595
4981
9722
1493
8120
4267
2140
3284
9139
1583
4795
8507
6424
8773
8247
8465
7651
162
3192
513
3583
6229
1386
8837
4729
6868
4577
5910
2
9104
6520
3187
9735
2478
4740
4136
7665
3894
516
861
9972
7790
1316
5816
8012
4909
7259
7658
3380
3113
8073
6659
5768
1130
7471
6517
9041
8878
7921
3603
1097
3453
3640
9694
8853
9716
3234
2560
8935
663
2006
3403
7336
8329
728
171
2204
7786
5083
9709
1460
7049
7786
4554
8925
1594
3685
9920
7312
5629
4239
2074
1098
9210
2426
3367
1293
1005
7332
8246
2201
2115
3907
5143
6142
8678
985
145
4364
848
3332
6078
3882
9207
4184
4248
9336
474
1317
3651
2465
2365
8959
1023
4547
2504
7414
384
9472
839
3699
6766
7855
7312
850
984
4915
1865
941
5801
3435
4605
3902
5154
2682
6785
8029
214
4425
5636
792
8821
9082
1378
5727
7228
5677
4962
2611
8171
4652
751
7486
1071
9975
8166
3028
6018
4653
9899
6596
3548
6394
9518
2934
8070
5056
6382
5493
7579
1588
8015
3129
9491
2708
4219
7862
7699
5797
4383
6846
4230
9710
3514
2555
5706
2564
9936
1328
1461
8242
2843
9719
4362
7255
9457
3557
313
1061
9471
5956
6886
4559
2575
2892
8393
2266
4243
7892
3225
4694
8788
5975
8004
3692
8742
4531
773
8643
1228
7747
383
5332
1309
9941
3768
4640
4113
7652
7332
6192
3098
3368
6016
2002
9276
7832
1984
7122
1786
9947
3329
5645
1073
8397
5774
3571
9825
9997
5985
8312
5002
2378
9542
3101
8844
4218
5283
8037
9104
4919
7674
6949
8698
6971
1372
1385
8113
1298
1340
4238
504
2691
4855
8084
2311
8785
3804
387
5139
4460
5536
4606
9907
2686
4033
6736
7667
8650
5630
5599
2624
554
6441
5682
77
6814
3131
6878
1883
3679
104
2792
5019
3256
5483
6939
2485
8972
6521
4665
628
1318
649
3534
9104
5688
7331
2487
1608
5232
6266
6006
5215
7055
6816
2394
161
5269
2160
5698
8710
8308
105
773
2709
4399
4197
1950
8503
3260
4885
7217
4969
1847
9405
3808
1949
1792
212
5210
5571
1485
3270
224
7065
2084
9273
1651
9079
975
1916
640
2788
7877
2631
33
5783
2092
287
293
9627
5876
7120
369
5913
2987
6889
9594
8220
9416
5024
8459
7779
6270
5151
4047
9084
3041
4549
2952
7699
1717
4119
272
4562
6625
1950
9890
2425
1822
8796
7352
9777
7917
4090
6930
6195
5988
8278
2619
7734
1444
4583
3178
1954
3423
6662
7915
7428
9451
3782
5207
1114
8830
5040
9392
150
2731
3144
8417
1152
3573
6714
9771
9019
5371
9014
3195
2917
9529
6616
1918
1974
9008
7347
8420
4724
5635
2669
3786
6488
4838
4590
7946
6993
254
4280
3397
1056
1921
4363
2547
8229
7701
6148
4841
9291
9977
6566
3706
3301
9998
7877
3139
7942
7473
2226
1027
4980
4907
3379
7154
7115
4352
6689
5771
5067
6807
2053
7192
3418
7850
5689
5386
5700
7184
8423
8023
432
3859
2441
1022
4859
5692
2946
5539
5146
4211
6156
9246
1598
2316
884
6129
4865
5441
1025
8979
5166
4004
3712
2930
5539
3236
770
7070
3628
8907
8315
945
1054
5387
6360
1075
6957
1293
1755
4701
4669
5397
7025
8583
9483
5667
9765
2548
4363
3218
3625
3129
4702
2015
9013
6314
9235
1744
4864
10
9689
5398
3062
590
4629
1330
4653
3397
4166
1280
2385
3274
5357
9145
1810
4820
4069
9576
566
9820
2772
4546
2790
4421
176
1351
5973
9279
5662
1040
1671
7645
429
4046
1775
945
8408
1427
7435
8505
2764
1474
6189
1152
1790
8837
6803
6981
3672
9981
9019
6337
1598
1492
8129
5944
8805
9810
45
935
1422
6324
3750
6357
806
5120
7281
4725
8446
6741
5703
8150
3473
4101
1709
4513
6030
7502
5899
5018
4869
3472
1401
3729
4239
3422
8286
5180
5634
5811
151
1816
1470
9726
6836
536
8476
3108
3677
6515
8503
8138
545
1683
8794
6558
6638
4803
3308
883
5798
178
1004
1515
9658
4768
3301
2610
3279
9562
593
1400
5816
1246
923
9126
1865
781
94
6032
2968
5717
1763
251
5468
6811
3993
5150
5243
5973
1494
5263
8697
401
6821
4475
7269
1475
2981
1808
7646
4337
5501
6757
7710
658
4766
7861
3935
9237
756
8751
1489
3234
2222
9437
6599
1126
3733
3746
5562
5364
8531
8774
5166
2180
777
221
3795
2979
7616
5148
3739
6995
74
6418
2474
9373
5302
1837
5046
3716
1219
4041
3285
7668
9426
2169
58
4789
5905
8570
4258
1683
6961
6885
1100
1806
8102
601
9728
958
1978
8882
4099
9703
6401
131
3294
4592
8764
7419
3627
7103
3714
7145
2054
2012
939
3114
2166
3749
8771
5557
836
7463
1838
3218
1414
8973
3164
8682
4766
2489
5509
5489
2460
1226
4949
9537
9608
3848
4722
9147
5606
7367
9946
3488
9602
1262
5527
1167
2677
9125
1384
7294
1447
7477
6785
3716
2119
8023
2974
4103
6067
6607
1715
2513
4
6971
1303
201
2087
19
2499
1725
189
1354
7639
304
9341
8093
1558
3773
1143
6007
7103
5104
5411
9453
1815
7341
3333
170
7861
9888
8454
1643
1732
1253
9007
1091
3775
9222
1589
7441
6370
9043
1426
600
3464
6175
8195
7731
6384
5709
6919
381
4048
1566
2656
5827
2851
547
2744
9100
6404
5120
9270
353
4163
9903
2052
9509
8831
2275
4301
7087
5223
4466
2726
12
6174
626
5496
6481
3289
5143
2643
7457
4080
757
676
9358
5577
8405
1518
7302
6092
5050
3092
120
5523
8827
510
1781
3774
130
2266
6887
5148
3130
7716
6295
222
5476
5164
3024
4857
182
6110
2785
4935
1807
2102
6855
2481
9296
6674
1235
3026
7851
1480
1222
6854
9368
3726
6216
502
1731
7452
1001
9495
1712
4807
7169
5262
3277
9177
6730
9468
5362
9555
4875
7776
6402
1271
1544
2018
6625
352
7651
2455
1938
7495
9965
1683
8519
3131
6567
2894
7949
8830
5895
5238
9817
4374
1278
1460
7149
4714
508
4404
1640
6580
1626
1807
2107
1121
6712
8437
3210
1611
4882
1935
2028
7128
341
5824
2525
1099
2286
6267
3498
8907
3052
8717
636
1905
3768
7585
7256
6441
1190
6856
4631
701
5757
3730
3128
1003
6828
8812
2948
8596
6881
8678
2670
4969
508
8954
8908
9794
3281
6973
1062
6384
4724
3561
7922
387
7584
1802
8225
7010
6299
3995
6867
4192
2961
9796
5959
8997
1897
7926
1516
3473
4656
4447
8070
4413
4951
5261
2773
5339
3079
6701
1203
2072
3867
9509
1878
3527
5509
8717
9343
2290
9102
269
6107
3961
3319
3251
7802
7302
6851
2884
5950
2064
4885
5071
8178
2343
1595
9664
5010
4613
3465
8141
9386
7984
2810
3348
105
3791
7862
2750
6289
3692
1289
58
7715
3203
3206
4553
9629
4361
8955
8051
882
7811
6224
6931
2893
8927
571
4005
9803
7398
9213
3267
2595
7115
9134
2761
8053
1573
2740
9227
252
9185
9353
9764
9706
2416
3224
1826
9213
5735
4715
4437
9200
6354
992
7032
185
9296
2
5735
6809
1717
6153
6479
2150
7410
8991
5528
4161
8921
6677
2352
9118
9575
7155
7074
4430
879
3520
8957
400
1987
6702
5506
9907
5655
9939
394
3593
4245
3664
7215
8907
6788
7937
1005
3705
7578
2694
3968
8502
1202
2167
6262
1532
8740
1420
6443
612
2069
4630
9715
7688
6995
8784
7546
5469
1948
6108
2136
5098
3785
6183
4014
1126
1204
3650
8548
3719
6445
4565
2231
8774
9360
8601
9719
9967
7436
8217
5716
2682
1283
9506
1664
6053
6796
9352
4785
5888
7713
721
6932
7712
1627
9438
6589
6478
8112
5840
6913
4694
7227
4920
395
8642
1283
3205
1685
6445
3648
6755
6132
6500
6109
7667
648
2650
6837
1696
1046
3287
7858
7328
5111
4594
8325
9414
577
8542
1582
2238
7637
6267
6716
8795
6828
9485
5951
3452
9786
4426
9607
4353
9987
7364
6104
869
8562
3843
4779
4974
4790
1445
6355
9031
2086
225
6146
246
72
5927
355
919
7452
2447
5999
6755
6696
1881
1376
5723
2861
7809
9628
4308
1578
4484
9268
2352
9998
9664
7645
3687
6957
5779
4323
9925
5467
3549
9014
839
4654
3313
9579
1365
371
3142
1335
7521
6217
8268
8137
3317
5673
4058
986
2514
8673
637
5232
7086
5710
8678
964
3965
6569
1133
8100
9617
1892
9542
5579
4219
7893
8506
3030
2789
6035
7305
4670
6874
3608
7289
8248
5623
6099
16
3488
698
5281
7173
1494
2738
9779
7676
9227
3017
9267
7996
491
8648
722
9432
5196
316
2482
6304
2998
9154
3560
3735
3302
3822
848
2844
5304
8914
7873
8501
9402
6646
5194
766
4605
4855
71
5920
205
3425
3685
6902
3907
594
4179
6926
1871
9495
1036
8775
5619
1991
349
9679
1063
3354
5966
2985
6924
2593
9904
2562
2595
7015
5034
7502
1744
8423
1383
2412
3816
2418
1229
5946
6214
3480
1213
8715
7311
1517
4309
5822
6180
3555
6277
2030
8056
5617
3384
85
6126
6902
1679
4204
9179
8151
8251
7715
9123
6372
6054
8772
6902
8658
485
8820
1722
9781
1756
624
2808
8517
5955
2283
5011
2174
1854
9467
4472
1225
9655
7671
8792
8074
5455
8917
3458
1086
1602
4798
1790
2729
2478
9975
419
4468
712
4422
5487
6914
9113
7847
3489
5376
4963
6960
2237
8746
5114
5012
1859
6031
2039
5213
7880
3304
5440
6416
2820
8632
7696
1139
8877
4273
8979
3547
6277
4330
1722
3120
9468
5070
3089
6940
1713
2150
762
4663
7895
8643
1227
5100
6555
6757
4537
2144
6654
2333
6026
7625
5541
733
4112
3790
4914
7153
3907
9591
4571
1314
9089
5880
4515
383
9331
3727
3641
5555
2320
6338
7418
2934
7863
9325
7377
989
7218
290
3566
9008
4447
4622
5740
3134
7040
5725
5865
4991
6049
9607
7967
165
8435
7882
7043
7047
8442
9779
6918
1072
1288
9890
911
4550
6376
9887
4650
4262
6188
3493
8303
5026
5543
3189
6790
9673
564
7301
5321
4946
895
7543
5731
3217
9248
9454
1378
4529
885
3181
399
137
1443
4261
4107
9276
8841
9550
9226
2304
9848
3493
8364
9609
1450
9478
9443
1366
5065
8333
7636
3341
102
7945
5867
5467
1180
5237
7064
296
678
4228
4325
6237
2576
6208
5778
2014
2133
6378
6473
5852
4322
5738
391
6212
4156
5246
9983
5264
6966
8910
5902
8075
808
8776
5680
8412
3541
6062
6641
3704
9741
5761
3746
7164
177
3278
7871
8997
7076
3268
4985
3116
29
1714
6152
253
9803
6239
3452
1487
3162
3640
8102
8917
2815
3642
6710
3798
7469
8831
5013
9203
9070
2496
4594
2600
8566
7951
8892
9170
554
5735
5001
982
3646
6097
9625
8697
6424
8287
1039
5234
262
1345
3755
423
9388
599
4920
2799
8920
3813
3165
9905
5926
591
7198
7092
1203
2050
4569
8186
9109
2331
8045
7364
527
1837
4251
6825
2979
4370
4278
9835
7079
3552
5603
4111
6300
391
4963
621
7284
2229
8725
4670
4972
4228
1566
9530
617
6286
2034
2870
5115
9000
221
4045
2776
2970
4251
2108
636
9754
2188
2970
4420
7529
3674
1414
3147
124
8566
6140
2921
1419
4509
8469
2509
642
8969
5649
3500
9959
3594
3061
1481
5667
7688
1852
6678
4539
3298
1917
22
5735
3056
9295
2224
8017
3294
163
2165
1134
1235
6461
1668
1862
2819
9935
147
1349
9733
4589
8702
4683
138
5148
6809
1042
9913
9685
636
8733
4742
8352
5429
4589
2111
9353
5091
7781
4050
9098
9058
6931
6792
3975
7781
6903
7840
8136
9289
5247
5387
8346
2826
2481
7298
6046
6830
6635
4754
6344
855
8937
3714
7685
4114
2699
9105
2020
8799
2556
6905
6806
6123
7185
7957
3188
6531
8306
7077
5880
6757
1609
4167
9988
9305
7518
3285
5119
3331
1936
1389
3712
7103
7822
7418
569
2504
6126
6869
604
5458
8481
5033
9726
8881
4708
1044
1863
8311
3335
1968
9896
5074
5745
5204
9222
9288
9355
1317
2619
6027
9674
3815
8006
9399
3634
1627
1406
3522
3851
9008
4038
5479
8671
5953
9487
8002
825
5665
20
1622
320
4598
7203
8203
6685
5407
3748
4881
741
5002
8791
3365
304
7173
665
4621
1027
4180
2579
6764
8901
8474
9879
470
2593
3247
1258
6707
1622
2766
9131
1332
6699
3140
8781
9662
8205
3045
356
8263
6601
8424
2306
7471
108
3682
8547
7283
3910
2457
8481
5620
3168
7025
3033
2149
7150
294
4293
1470
7895
3335
7621
1925
6692
1776
2680
5377
7719
7808
2174
5111
6645
7242
5869
1465
6040
849
4463
1915
7201
1831
349
8235
2225
5972
7581
186
4358
3596
6524
1391
9475
8239
3745
6292
6844
7696
30
2820
3040
4299
4098
4785
4088
1374
8362
7706
6353
4353
2953
6741
1115
3363
5051
303
7274
4418
8733
3896
8
2612
6992
5214
9159
6275
7285
8321
9837
4390
4882
4869
8809
9525
4261
5488
8548
9414
9685
3616
2906
5092
8982
5411
5916
5777
4964
4154
7023
9216
9495
7551
3747
2584
482
8838
3179
629
9701
4881
1075
9395
7768
7772
8761
3779
8830
2859
7881
700
9055
5258
6655
7325
9056
7579
1130
4384
6671
5911
5575
5221
4771
4124
9948
6523
5510
8022
907
2645
8831
7364
385
332
7035
5036
6193
2904
5988
6764
1239
9382
7451
6677
2740
1683
946
43
881
1829
4146
394
5905
7824
3504
829
9502
6800
1443
2829
1310
3032
843
2627
5653
2222
1412
9630
9499
8585
6280
6847
6626
1236
4071
3476
8909
1586
7573
6692
2354
1911
6348
6924
5372
269
3826
536
3732
5592
2560
4102
1466
376
7736
9766
4213
1319
3754
74
8709
7587
8582
8748
6712
6466
1168
4503
2159
6883
2758
1195
2438
3483
4151
1814
197
5088
7134
981
3417
5474
2918
7908
936
6572
4188
239
7109
9314
1177
5888
2393
5643
8842
436
7008
5992
6451
5087
400
8541
4180
2024
1483
5391
156
8505
9584
7781
4952
7018
5641
2144
7833
7436
4355
1752
7068
7343
8990
3531
1182
5308
9032
5626
4037
1294
9479
5173
247
6658
1129
758
6282
9872
8559
9466
7411
8853
4992
9284
5549
6036
8145
1708
280
2033
408
1292
6059
9644
5829
8133
7154
2672
4318
576
5707
8048
8556
2380
5344
3661
9444
6387
9027
6858
3571
239
4076
2326
881
3266
1641
9797
4212
1020
5872
9363
5804
5437
3649
7657
3064
8525
7865
1003
8794
4893
7525
524
2109
9596
9708
7554
2834
1680
361
6876
5682
2795
3339
1793
3813
8931
7966
643
7264
5722
1526
6880
4713
3193
4210
3901
4411
6687
2348
8971
3899
9234
6791
8920
3353
8696
8192
8601
8505
6843
3531
5123
596
3748
7385
1609
5089
1030
5006
4282
2647
6831
6972
3732
8707
7700
5649
4903
6797
1204
4023
6816
6437
5699
7667
3766
1522
2964
9807
6817
1417
2930
5713
9459
8516
3564
5046
8373
3526
2347
2793
8784
4151
7326
6508
2201
1910
2927
3552
6702
245
9905
458
7953
7536
3929
5252
8365
388
4722
6506
3149
8854
4268
7952
9970
7888
6846
1712
3268
656
1361
2843
9659
333
9030
7697
6397
4705
6235
7966
5794
2545
9823
7402
145
9494
4624
3997
8543
9657
5313
5396
3820
7615
6506
1487
3618
6
8044
6631
7720
4178
4116
0
6940
871
9261
8066
3615
1437
2681
3995
403
9157
6583
5571
8565
4055
6238
1116
7290
4573
7345
6180
2460
810
2189
2967
7624
5577
2443
6890
1491
5791
8488
8046
9141
3683
3845
3063
6710
5911
4000
4113
2911
8319
5874
8126
8183
9448
1736
7927
9905
9065
2805
2477
7308
2493
7494
8723
4947
349
8661
9867
380
6349
879
2382
689
7055
7058
2677
4191
7165
3927
728
9350
8759
2450
7283
5540
2041
9632
9485
7609
2539
2348
791
7951
192
6526
6624
4085
2026
1328
1662
3467
537
1623
3002
1774
6074
7804
8372
2918
3965
6196
6476
4782
5477
3274
6531
4487
2591
3397
2403
6279
5872
7907
7697
9227
7972
5093
6376
4618
7400
76
2397
2793
8667
4481
2651
2717
7107
9551
5100
3624
2521
6334
1952
8423
2518
1206
2968
7843
3711
3486
6741
1227
1496
1164
5632
1298
5979
7005
8184
5783
4974
9289
8359
275
2
531
1246
9046
3117
875
7512
4989
1941
4446
4865
8837
39
3650
3948
7911
1933
6113
7402
4847
6613
9373
8224
7643
8483
2468
2013
9539
1631
3309
7438
4469
9140
3638
6760
1035
3231
2664
8226
1603
5506
223
1352
3359
5113
6294
1887
486
3436
6800
1749
8856
7136
4671
7522
325
5958
6952
8390
3454
932
6494
5916
9471
7411
5272
1282
9017
5655
3890
1648
4892
8242
2189
2836
9631
8515
1078
8516
2995
5268
5074
3234
3277
6653
1931
9317
1976
6841
7664
6064
6958
788
1561
1894
6670
2287
4481
1779
5867
8438
4648
795
8364
5612
1376
6902
6499
8508
4115
9176
3314
8178
1578
2833
7197
8187
5406
738
3719
6239
6514
5269
3477
5917
2669
2455
2145
235
3974
5324
1862
9436
957
2701
735
8305
9751
4383
8893
2663
4091
5342
1858
7185
1984
2306
4341
7875
5385
1214
8512
8448
2922
645
5356
4936
3732
198
3307
4298
3586
956
3000
8546
34
6961
5660
4642
5798
5166
8685
1560
8111
8870
6979
9812
510
3453
7425
6474
8165
462
1341
5197
4953
2714
8051
7854
5242
5624
6543
7334
5672
648
3353
3267
9064
7480
9458
1531
2236
8872
969
7061
8381
4839
3800
7542
188
9182
8814
3479
8123
8676
210
9199
5279
6846
1225
8198
6170
7207
9679
1825
4537
9431
6345
2042
1109
7835
9743
9023
5729
14
409
2341
503
8226
5502
8389
3399
4966
3125
2790
5384
4876
520
870
5372
1370
2663
5159
987
3225
7760
3857
2708
2650
3930
1053
4994
3781
3899
8925
9915
2032
2549
865
6103
6139
5933
5018
1535
6507
4009
5480
1754
815
7201
5127
3968
3962
5008
1106
5789
1659
8982
4087
9672
6381
5768
9288
6823
9078
8240
1122
4750
2163
287
5223
8513
386
419
2761
678
3417
4560
5510
8318
9041
1558
7417
6883
4212
936
4613
8139
3718
6745
217
3056
2702
1987
4113
9192
4106
6357
1301
2110
9935
8073
4954
2934
7592
1425
1971
6368
2125
904
4366
6930
5709
3510
771
5276
7367
8193
9676
8634
6034
582
4121
4756
7742
9934
8994
8029
6596
7025
1682
4012
5329
2255
7679
299
4129
9855
4448
7650
4621
4026
8817
4476
6768
7677
5178
5821
1801
230
3230
5730
9374
2439
5517
7753
5774
8607
14
5111
5759
6117
5064
9242
9499
3730
9180
9825
8052
4145
2176
6342
398
2452
1286
7374
6057
1719
3572
8361
4280
8407
2211
4412
4448
9111
8162
1641
7832
3887
4698
6077
9878
4087
6149
3529
7270
5499
1716
4286
2741
9644
7510
195
3866
5609
9308
2545
2645
5639
1898
4159
5866
8591
3518
4631
5751
1696
7140
3462
225
1471
7321
2391
1148
5077
3744
2339
1420
9035
8024
2252
8037
7580
3289
2888
8352
240
7092
2156
5760
792
6066
7202
13
7351
1497
4659
942
2661
5599
8526
2870
9600
7499
4220
1507
3030
7073
6102
1038
9433
363
2601
4216
3868
4198
3163
4051
5334
6891
568
3883
409
1228
2463
5263
1142
1408
2579
4046
7117
7997
7373
1295
7742
7516
8731
9279
1168
7100
6180
2764
1563
9504
5673
5097
5637
9949
5703
7330
4275
6611
8490
2506
4257
4071
1096
4361
5670
6797
749
5567
6385
9747
8456
5054
5438
8152
6401
2350
5379
8752
3154
9336
1124
6631
500
3559
9304
2285
9986
8152
3355
1168
7344
1998
4612
6017
1119
1488
9801
6439
7772
4062
6184
5286
392
763
3431
4138
3036
533
2816
2047
465
5478
2535
530
7734
4820
2483
6092
2491
5301
831
4465
8187
3954
1140
4573
5506
412
7344
9976
2198
2898
684
740
9190
66
1016
7098
214
9672
1250
2276
1058
4090
6476
9007
4890
2890
8448
5140
7833
9697
387
1802
5266
110
4247
3212
921
7564
8416
4650
5066
7811
4473
9239
9503
6841
1737
6314
4964
8053
5561
9308
3967
5427
7254
3959
3280
3842
5633
3482
3203
7274
6119
9064
1721
4383
4801
9706
4411
7783
9478
7078
7049
6610
7292
6958
6109
1754
1755
2189
4527
1756
4856
5710
5985
7936
2101
8869
8090
885
7650
6052
2908
8615
5078
8510
2339
7806
7839
5230
206
7904
2047
2991
2055
9249
1680
7401
3368
7700
7036
3025
8691
7842
6790
367
1748
6548
6860
6010
5809
6630
7104
4384
9440
7652
18
5428
2463
344
5539
9839
8944
5393
1005
2978
4409
5924
4051
5877
1772
648
2529
1495
882
6055
6286
6294
1629
9954
8171
4317
4217
5353
7207
5375
5722
1914
7996
1544
1107
5640
6327
8297
6209
1631
5210
523
9921
9603
9934
7676
5331
9688
9993
8295
256
6352
3780
8012
3336
9340
8942
3872
9471
4199
6420
3124
436
5613
1371
7901
4830
4984
8376
2158
1463
2624
1479
5234
4657
2653
5496
9771
1915
5901
598
4338
6429
9031
543
2241
6245
8225
6607
8789
7367
5344
3431
762
2000
8106
9613
1996
7264
3522
8527
8061
9188
3347
1742
8438
8200
2238
3510
4002
5951
6967
6599
1239
4843
5048
4300
8375
9275
4078
4704
666
7925
7627
2110
4987
7447
7931
7562
9313
7947
4100
7388
9503
8693
9895
5685
480
2489
6879
7123
3139
2061
2520
6887
9821
1748
5845
5331
2714
6570
3950
2491
2795
5742
7854
1238
44
5455
6846
3587
6457
3882
7947
4333
5223
3007
1970
9028
9436
9646
124
5241
4512
3665
629
8407
1320
873
5167
410
5689
1072
7481
3015
1534
4986
7412
1730
6445
7384
5367
575
3197
6897
9811
4627
207
2481
4734
8936
5532
3142
5911
8490
1492
3657
8247
9772
1757
2209
8691
6580
2235
8531
9181
1092
9020
4704
4023
2370
4441
9085
8150
5312
2804
4870
9358
5335
5534
7392
334
2360
6244
9678
2010
6009
9179
6742
8151
3015
1911
213
3344
295
3882
3627
5080
7098
7296
6063
6738
9519
529
5993
7795
3664
7754
2039
8912
1828
2950
1606
1652
6630
1874
8098
838
879
5494
8760
6609
5590
3377
7543
3044
1167
8952
3618
9150
9769
6126
8744
5033
6089
2495
873
5288
6313
3536
3283
7496
4441
8959
618
1739
9335
9678
9012
4209
4759
455
1961
1937
1026
7272
8983
2719
2257
6015
9030
7322
1423
1214
5470
2159
4835
4879
9379
3251
8463
2373
5150
8701
176
7381
672
2789
5777
4849
1343
260
5058
4605
5488
4934
2848
5593
4357
3479
6172
7724
5531
7564
2139
4946
806
7898
321
5938
1042
3562
4189
5430
7014
9860
8733
4386
6468
5467
8385
6961
2752
271
2645
1215
6817
9741
7076
7940
7666
4089
4761
8751
5229
4447
164
9169
6923
9174
8454
144
8998
9391
4338
8693
7098
173
1540
9542
501
8217
9587
7331
1847
8293
9618
3171
3634
6478
2365
297
8050
2651
8347
6959
7867
9287
9973
3893
8389
2687
1221
2647
9533
7817
7402
777
3763
2254
1414
2793
829
7538
7941
4533
5736
9953
9283
2989
9436
2969
7034
5130
7373
5954
1284
523
2424
7823
2474
1050
3911
2480
105
3857
4720
9556
1195
5445
856
9481
6715
7695
2506
3757
5130
7797
9090
99
7776
1685
8808
4123
3383
8674
5268
6552
8033
1001
2446
1899
1309
3771
2364
3568
6266
4865
9922
9427
1978
3563
7375
6783
71
3625
8015
9584
688
2167
8696
1176
8731
1272
2295
7188
5604
2671
844
4953
1102
1187
2974
1635
7057
6418
1230
9375
6977
4353
8303
2471
8821
5830
5381
8187
2624
7864
9405
9781
7186
7861
6513
2681
2102
1451
2256
3656
1294
9572
9753
3372
7453
8558
2807
2739
3678
9115
5562
6089
6298
2557
4287
7048
8069
5936
5445
8308
3499
9534
3414
9466
3538
698
1745
8801
2991
6646
1064
1171
8200
7057
2896
3320
2896
5657
4482
7280
1306
7147
6367
9747
3899
9660
5424
3862
6755
2900
5188
2968
9681
8798
7290
2749
4036
2039
4308
3941
2785
4555
4885
4352
6268
991
5560
41
5165
5877
816
8763
2856
8575
9235
5032
7992
8871
4415
3783
535
1806
8394
1030
6396
226
7182
3057
1463
6382
5307
2674
8736
9775
333
7659
4197
5478
9612
1469
8282
9257
3789
1525
4218
6736
2759
2790
0
3507
864
9836
7149
4667
9062
8744
9289
1688
2734
6318
7699
60
1047
3433
8011
3198
8996
523
1618
5373
5652
4061
7947
8286
1375
5408
5726
272
7123
5453
6997
7817
8546
8188
703
6799
18
6227
8052
2999
718
448
6299
7534
8264
8421
2903
1824
6756
4653
1594
4354
5014
1390
1281
732
9962
1215
4509
3095
7466
6154
780
676
1300
7918
6690
3903
2025
9120
7451
8488
3771
2036
7546
1505
8051
4505
4568
9815
3823
433
9917
1985
1785
4614
3443
7737
6210
8611
8510
2703
1373
4994
4565
7436
289
7757
3001
4953
5211
7144
6668
5506
5379
5634
962
9264
8355
2563
9428
8318
1854
3873
9118
9723
7193
7576
1749
5847
1799
6290
740
6721
5459
4393
2134
610
2306
7212
3575
9220
8305
6619
5043
7909
7845
3836
49
1539
7082
7552
4984
5535
6112
3491
8023
9246
3604
3676
5324
341
7384
7089
105
424
5968
1982
3025
6648
5137
5599
4208
4141
5890
2337
900
7301
6443
5401
1432
9936
3778
2467
3569
5238
3320
6270
9703
373
3412
8316
4069
2505
9098
6719
9336
2291
6246
3529
2077
3696
9812
9367
8156
1749
1072
6854
1307
8023
6892
9066
368
6894
4159
2762
1752
4639
3210
1930
3611
5702
6815
1812
2024
3651
3251
1734
177
6976
3327
6604
8352
2693
9453
6110
7582
301
5068
8864
481
5760
7511
1538
2550
7317
5808
1306
3879
2895
4787
2487
518
4594
2651
9098
9725
9983
6391
2990
5657
2112
7215
5281
1924
8134
7675
501
2564
5775
1254
4043
3071
6260
1449
9331
2973
9828
4516
515
6992
2307
3607
5751
837
3799
7476
2267
1600
8775
2475
4
4670
1307
4377
3543
7951
7964
3370
2806
9973
4468
575
2945
9912
9818
7487
8629
764
8003
2350
7786
2528
988
5342
6469
4697
6640
3298
7223
8020
2803
2623
4668
2411
6312
3771
9589
5571
7905
3404
7974
9998
7379
824
6274
7663
9578
2573
70
3787
2231
1226
3887
4908
1010
3447
1160
3050
6003
6301
6530
4709
1950
5927
3764
611
8410
6621
8216
6805
7252
5783
2454
2320
7851
9068
8528
5611
6099
1593
723
8430
2833
1234
3784
6643
5904
6065
5849
4858
5802
616
5175
2032
1299
9192
1166
2938
2229
6194
7356
9490
226
1253
1850
6657
9102
83
313
2847
7001
8388
4856
8703
2522
3423
1697
7618
5147
66
7733
5650
3925
4275
2918
693
490
8335
5185
3353
6301
7882
6157
1269
5007
4107
9071
6733
3889
1168
2989
1234
3542
1417
2376
5979
5404
243
7990
9086
8623
4951
8980
8387
5522
4345
1211
4803
8773
7009
5639
94
4059
1924
1740
7251
579
8019
6560
9227
3234
1935
839
688
6853
9046
6265
8554
5998
2564
6751
9558
7274
7594
3228
5166
8083
6485
7933
8044
8459
5416
3059
8209
154
535
2651
7268
6417
611
2426
829
371
3547
8633
2813
6372
6376
4907
4330
3003
5651
129
9713
1401
4207
298
3293
8747
5352
5947
5783
9193
7432
4112
3966
362
8239
3597
8558
3290
9787
5509
9707
8151
5479
7476
4032
6979
5884
1606
223
7638
8633
8163
5097
3040
2117
5102
7975
6124
7464
1663
8450
5720
2365
5283
7882
1577
3440
8250
9126
9952
1128
429
4721
9536
3141
9323
363
6695
8609
7177
8301
1438
5966
6701
4893
5273
127
919
9578
5656
5469
605
5513
6152
6408
4917
8284
9432
5096
3526
4192
2607
7061
7875
5231
8913
1970
8194
4745
8710
6603
4746
3245
9964
56
8224
660
6060
6061
2392
5570
9982
2329
9858
5136
3978
4126
6393
2955
5050
8671
9413
7534
8225
9468
2054
413
8021
512
4129
8590
8543
7661
1577
5309
9716
1443
8272
3251
3132
9537
8893
2330
7826
1024
1087
2242
5237
4070
6093
9510
8571
6406
4244
201
4357
2877
2827
397
9040
5788
3335
1779
4847
9510
9272
1569
191
2913
4263
5346
8496
3660
8910
3483
9094
4728
9548
3075
3307
7497
4516
8408
3816
535
799
9712
4043
4686
7910
8021
3270
7083
9682
6669
8273
2923
1200
1504
7976
1668
3765
5654
2741
9544
955
1049
6499
5955
4527
4535
677
9319
1720
4077
9148
7163
541
8658
7936
4937
8200
1120
1011
7497
5501
1866
4632
6008
429
7006
3663
1989
2519
7125
8134
1418
3674
7960
7783
2483
9608
9773
5786
8389
4841
1991
3746
2620
1175
3856
8190
7473
6103
2727
7163
7693
9419
6498
3076
4420
7402
2159
5790
4694
7561
3812
4374
1483
251
1302
4303
9062
7640
8845
5742
3545
4955
9280
6205
3988
9457
2738
5740
3389
9437
16
6378
291
9936
7455
5707
8952
5282
6617
333
7084
1707
539
4764
5150
2481
9212
5427
6533
4346
6919
1782
8451
6128
7983
5725
970
8274
42
5851
1482
6795
7849
1424
8488
2073
4290
7958
6068
2031
2997
5935
3501
3973
8009
7342
3676
1883
1118
5955
447
1122
730
9142
7691
6984
9667
67
7573
8458
6577
4853
8390
9917
8026
1049
4973
3950
9237
538
2809
8616
3785
8635
2721
7365
4281
8163
102
7609
9833
544
3079
5297
3078
936
6842
6458
2376
2222
6411
9255
2719
6665
3017
922
7815
1361
1410
5639
270
7044
7991
7050
5420
5026
7441
9934
1188
7190
5560
565
4985
1365
9945
8483
3029
9984
4924
8626
5239
1349
391
2230
2610
4302
5174
744
6614
2952
8914
8084
6767
9151
7547
7922
9910
1843
8602
241
9411
9032
4255
2733
2416
6762
4394
3956
5319
9844
3605
2509
6056
7768
6104
7975
7242
5293
5300
1002
5525
8342
7176
3655
8127
4917
8161
4521
2060
4350
7846
6354
9121
7770
580
4938
356
1744
4815
3531
9064
7557
3482
5710
5529
1163
6649
5170
6334
5002
6739
638
3429
3941
3036
2132
5354
7893
2737
9548
2458
9897
7651
7624
7522
6066
8127
5214
5874
6462
1038
5577
7928
8915
1347
9358
8941
4501
3886
4995
6609
8653
3740
422
6646
7504
271
3006
9568
522
5000
6509
6563
8470
1150
1395
7235
7598
872
5993
1800
8932
8243
3774
3290
5093
5166
3921
1645
5059
4163
6738
6732
9170
6610
2371
6416
5874
5415
2852
4162
8084
7917
4521
6941
7397
6861
4312
7100
8798
1805
3161
4216
520
9730
26
981
7640
2732
1287
3528
4612
6894
1654
4938
1176
1477
4857
5736
9079
4400
6845
7021
1374
471
4008
1584
2008
6574
9746
2904
8970
2919
7970
4253
7733
666
60
2224
7951
4591
6005
3353
6580
6558
936
3501
5994
8168
983
2032
1884
6798
7420
5079
8345
55
3919
4964
4202
390
7481
9252
4082
7276
5915
8067
5865
9554
1241
2185
871
8765
4186
6875
7349
1352
5282
1392
1774
2434
6749
24
1817
7670
9686
1631
629
8008
6638
8103
3363
704
6415
9515
2673
1748
3874
4524
6640
1015
7350
9983
703
5682
9844
5230
4430
6340
9341
6289
485
611
4602
7144
8011
6661
2375
1328
6544
8010
8122
8889
4705
7771
4919
9875
8846
7317
23
2590
1399
135
7869
687
3660
6512
7533
1253
8984
4328
8737
784
3159
3123
6445
9696
2551
9038
4589
5280
4340
3987
5888
3462
7328
6049
5009
6545
8744
6105
5440
9869
2644
5746
1868
109
3145
5659
2947
3382
2466
9661
7829
5108
4593
8604
556
3772
6737
3331
4827
8685
4635
6364
4558
4516
8411
5820
4488
9805
5289
4213
322
2750
6672
7575
8835
10000
8488
8518
802
4197
4583
2291
8731
7425
3465
4130
3576
440
2024
4536
2749
7192
2617
8090
9859
9139
6042
6218
2451
1352
3546
9506
677
6106
7523
899
4993
7351
4720
7559
5813
6357
2732
1524
339
7372
1712
7391
772
4008
759
1448
4063
8149
3975
5329
2550
6988
8089
9584
1458
3806
7957
9829
2847
2667
9414
8743
2051
920
9868
5762
1458
3222
240
4650
6228
3915
3793
1542
623
3928
7811
731
6214
3110
9702
9983
4964
454
5078
6425
7245
9700
3823
9280
8523
994
1807
7978
9410
1730
6266
9508
5635
388
6352
1170
410
3579
7052
241
1661
53
7706
233
1895
1514
6050
7910
4149
1948
3800
2955
1445
463
7332
2877
6542
4754
9601
2265
3501
6614
7993
8138
730
629
4567
2026
4154
1200
2591
2692
8194
7363
8081
7512
1653
2096
7645
3851
6796
5425
6837
6223
4580
4444
4423
2925
9872
1595
6117
3990
2004
9490
4319
8784
7209
1248
7355
155
1302
1788
49
6784
2462
6996
4505
7449
8607
6912
9683
4569
7864
6522
7024
5941
4252
7047
5713
280
7748
9317
2174
5878
3622
2333
4935
4071
6595
2057
1342
9241
729
8257
8654
6916
6212
8464
7235
238
8778
849
6223
2993
4152
1525
9497
728
7998
8944
9710
5421
1307
5900
3757
9117
2764
6915
4134
6308
2326
948
8521
4811
6630
558
5294
8867
6924
1634
3017
9721
6175
1843
6027
7299
1035
9074
1229
3638
4580
2959
4665
9042
4528
7910
3125
5192
4494
7953
1801
3476
9555
7717
5472
3727
6081
4743
3632
9224
9484
9500
4673
4656
458
2507
8417
1504
4115
3699
5016
4837
5248
5636
9524
1758
9380
7103
7427
5511
7344
4476
6484
2060
6306
2409
1300
5902
3532
4919
8626
7480
5689
9507
1768
8578
6670
4365
4384
4748
3220
5960
5781
2287
1539
6231
7052
424
1858
4628
8174
1610
2347
2380
5018
7184
6386
216
6690
5084
7747
7964
2819
6335
3507
2578
709
6438
6302
2910
1694
4988
7028
15
8290
5197
3461
2606
5261
8466
9578
2701
3479
1892
2751
8656
3518
2417
5361
5056
8333
8131
1792
613
5714
4952
4716
939
1502
4632
5943
449
5078
3405
5141
5866
950
8780
1037
3550
9002
9182
3565
3635
4182
6984
845
795
6579
4310
5135
7106
724
3813
5234
5220
5556
3548
8957
8297
5743
2676
2818
6585
557
6319
7324
6403
5436
4750
9572
3288
4167
4375
3132
8511
4720
2572
8622
411
543
6645
8813
8117
5161
5825
8231
1371
4622
4615
1630
7013
8864
7255
4650
1250
2345
8622
223
3656
7365
1314
6358
3916
2941
5030
1727
838
7114
6174
503
9730
1740
812
4329
1190
4640
8253
5080
3256
8897
3934
5566
1390
5723
4371
3253
8923
6728
2157
7651
7624
5564
2593
4811
8129
4981
6190
4831
8688
664
4511
8768
3055
7465
3839
655
8335
2460
3197
4731
2415
4089
4493
8538
6129
2245
3796
3604
6157
6019
8094
5340
1127
9932
6881
1176
3002
8810
3067
9512
3748
7667
1077
7743
5102
4844
5938
5489
6699
254
9554
9629
7562
4425
4876
7048
8322
2140
6255
6787
1547
1587
2701
2427
6056
979
1955
8350
299
5847
8486
6790
7142
3936
8696
75
975
1148
9200
2958
5178
6250
6422
4969
4704
32
8993
3326
1857
1036
5592
8632
4786
8275
7114
349
8905
7460
4312
9390
3740
1439
4751
9988
357
3981
3602
7757
1054
8086
7287
6805
3674
3839
8014
5776
2733
427
2324
5233
8650
9435
4818
8858
4214
932
6714
6429
4295
7819
1854
2888
7025
4900
2108
8504
817
170
4327
9239
2879
1049
34
9440
9758
3014
1760
7037
1516
8177
1799
8536
8953
5229
3497
5913
8313
6644
2661
67
5575
2023
366
3512
7621
154
803
6578
3940
8436
8846
7188
9896
4362
5564
6518
583
6242
9011
2068
97
2928
6903
579
4253
3790
371
9828
4394
2543
1497
2959
3914
9822
6519
5391
8104
5301
3651
7869
9566
9331
9945
4954
9473
606
6746
3054
7718
4164
2815
6144
4708
8872
8858
8568
1298
8285
9752
4882
9402
6329
1466
3905
1387
1199
7065
8961
2589
6139
9744
8616
938
2357
9520
217
417
6751
2970
985
6914
1679
6138
548
1570
1870
3881
9444
7884
5802
3122
7987
5371
469
4006
4445
5650
6364
5258
9626
3550
2300
5885
4816
6038
78
8792
2595
8432
7745
3354
9955
4881
5004
3621
6565
9459
2096
7595
8718
3531
6351
7655
5597
6285
7696
6506
6489
264
6997
6702
3161
5139
6810
8912
4363
9538
1832
4920
5800
9642
5609
9071
6873
4415
6572
6485
4951
6575
4732
4088
3671
2543
1612
5781
2782
9492
5162
6892
8081
5164
1382
4253
3089
2612
5036
9529
3330
7365
4516
1062
4514
7823
4441
577
7957
5438
1332
8207
5859
7954
9946
6394
6783
8313
3862
9253
9658
7334
6675
5183
811
2122
484
6492
609
6615
5594
1445
8341
3358
2290
5736
716
2415
3685
2311
537
9
9377
1919
7044
5027
47
9715
1050
5156
7521
562
6432
5638
8371
7788
9197
9390
5936
6259
4329
4803
7437
8802
3368
2376
7856
7517
2167
3332
9162
6962
381
4529
8723
5848
8942
8631
2240
357
2613
8274
9798
9217
3783
5880
5252
1923
6906
3589
4152
196
5465
7109
2426
125
1770
6416
4307
4217
8997
3498
8210
5919
4283
643
4096
4890
1716
793
7792
8859
9353
6068
874
8617
3406
6514
9191
9561
5848
2525
5631
6147
3719
5492
5378
3020
8194
1764
7900
9221
4992
5440
5003
1100
1166
1788
9380
5833
6802
9765
5435
8313
9065
9776
4201
8387
3390
3475
6623
4358
5435
8347
3620
1731
3426
8860
1878
6116
9848
9753
7294
1752
9799
8823
6413
7850
9887
3218
4757
6548
3293
6544
5501
8360
8637
2878
1749
7429
472
4069
9355
7214
7110
7104
8300
7680
4674
4328
4927
2620
4699
2803
7724
2063
1710
7021
6480
1771
985
9021
7803
7162
299
1315
9252
473
6825
917
4027
2106
3022
603
6054
4794
2112
6534
8336
5820
6193
3193
9859
6489
6575
4198
7232
1612
6790
1126
8232
7484
5687
2940
4454
2394
5377
9198
1697
806
3909
6873
4645
6541
2899
7701
9155
1590
6229
3847
4138
3804
6410
8179
8891
2567
2080
1048
3731
4260
2175
2852
6926
5658
6469
2669
2832
3002
9028
1104
422
3169
6914
2502
9511
2600
5317
2210
6368
503
4379
5937
8610
7113
584
2741
6088
2659
8689
980
8691
8694
6223
4457
1978
4160
9954
7375
1637
5410
1437
2742
6025
2870
4953
5018
5732
9016
7569
1092
3570
8952
989
8332
1022
9446
2174
801
4359
639
9362
8773
2801
3985
195
4046
369
7564
9064
464
6481
637
1037
1268
8844
6035
9384
7336
8914
8137
6609
9053
290
7872
8812
654
395
6494
8724
1216
3648
877
8660
9392
2882
8341
3272
5361
8236
8544
4754
3573
543
4729
7357
5702
6187
2685
7743
4167
819
3701
7393
6387
3306
543
542
2438
6852
8928
2139
2461
6562
7793
9689
3958
7447
1084
9643
2453
9489
9882
9894
6408
1556
3805
5726
3180
2304
6139
2560
9942
7513
1549
7589
2641
5305
7535
1050
8885
5213
415
4451
832
5853
4670
7555
8116
4884
9966
3082
4791
2927
4093
1214
1363
4908
2262
7871
915
5750
8301
1136
1696
9077
5967
4889
3313
4768
8821
2289
7483
4039
1610
9586
7623
2401
201
3127
4724
5216
7436
6617
6890
6466
6616
833
5661
4969
5031
5118
9716
5419
6176
3775
2005
8610
5109
8129
5035
3123
6258
9094
9314
1386
5478
3612
1277
7946
1420
2407
2752
6923
1309
1171
7602
7404
9573
1095
4355
637
8605
5144
9889
7024
9409
6569
8279
338
2804
2204
6408
6617
2720
450
9654
3086
8322
926
7102
5785
6970
5497
2595
5106
9789
1768
5736
4397
1681
9263
1918
8463
4774
534
4656
2783
3238
7266
3070
6198
324
154
8727
4428
3845
2148
524
5848
6798
829
9628
6865
9049
6164
2300
9776
2992
9904
1767
8677
1804
2417
7452
6680
929
4656
9871
4106
33
1064
4463
6281
6970
4500
795
4823
6730
7545
1993
6996
107
4330
8262
9785
3193
5978
1974
2235
8078
8514
9136
7708
976
2809
8124
4483
3001
7193
7651
3456
9825
6679
2796
1677
2159
4758
4439
9192
3811
5417
3955
3805
4818
3763
8776
9144
6484
8727
2092
9363
6928
151
6121
4968
4663
3248
8085
9509
537
3021
228
6730
8932
3429
1536
6798
3322
959
7509
1069
8059
6272
1583
8084
8906
2410
959
172
7321
2792
6180
6154
3116
8599
2424
8327
3298
4912
8003
4814
6239
6930
9764
5703
6565
1117
860
1414
6654
9079
2065
2939
4407
7404
7116
7542
5660
4719
6608
3866
3538
9925
3244
5480
7760
5061
5844
2662
361
3117
9091
785
8163
9542
6746
438
5934
8470
5860
1494
1356
6559
4309
8433
1399
2394
2618
3531
3454
1165
8829
5628
4368
3032
6448
110
1426
8841
9034
1553
7025
1052
6427
3372
5943
4317
3052
9117
665
24
4253
5319
2426
5984
1869
2859
2015
892
7618
2116
405
3621
887
506
7519
5273
9265
5681
1998
4556
8168
6964
8987
4503
7483
3321
5080
8163
8997
9744
4403
9123
3311
972
1010
7795
6377
8043
2063
8747
8146
7353
9814
643
7948
4785
8596
2175
1664
3112
441
9605
298
8176
8948
3524
1772
2470
2388
2516
1883
810
1940
255
4595
9180
154
1332
7348
9633
867
583
6214
7073
4258
7026
8906
1380
8089
6011
4745
7616
8573
8592
4671
2139
2140
4893
2061
3271
5755
635
4709
5197
995
6200
6653
1666
7006
3875
127
2795
1684
7828
1731
3332
6010
8883
6321
5610
3591
5576
3831
7423
3525
7578
9571
5664
1884
3573
2157
5173
5667
6261
3131
5125
3011
8320
9158
7624
1457
445
7906
9772
1311
1543
4393
7011
7968
2537
1419
4618
1837
8704
7942
5074
4876
3829
738
1173
1530
6432
1057
7569
8485
5779
4045
1511
5672
7204
480
2981
1399
2526
4446
4058
7054
2924
1998
8680
4986
8406
4631
2001
9239
6278
1631
776
8913
1722
3838
3193
9863
8045
8853
2738
8870
6781
3762
9027
9385
5745
654
7457
5287
3106
3539
1516
4977
9683
9118
1015
1627
7423
2218
3380
5874
2825
7493
8268
5268
7654
286
9912
7622
2130
9840
1205
4709
7658
8655
1906
3804
8859
2794
5658
8731
5289
7025
7209
2022
2627
3382
5643
8399
6487
5169
2177
5106
6095
584
4809
5779
3565
6362
2713
5984
1751
6938
7015
8190
1432
1032
9847
7007
8832
6951
498
5830
54
6562
5059
3703
4035
4564
3201
6790
5030
9329
4358
9273
9171
4728
4077
3954
8169
6553
6113
7240
3342
8980
3835
4785
9399
8258
8761
913
1966
6418
3927
7537
6597
2681
926
3652
8633
203
9531
3017
2508
1988
5363
4463
8604
4359
6771
8694
183
2576
3405
9875
4354
4699
2300
9117
5338
579
3472
8269
5110
9839
8939
8159
6665
4121
6392
1114
4563
9183
9009
1583
6284
9528
950
7004
10
7961
3246
9620
6599
6848
8628
6182
7234
8668
5285
7016
9931
6942
439
1674
9352
3672
7071
9852
5096
7787
6474
2811
2589
9625
9834
7172
288
6426
2188
6794
2063
2489
6862
8085
8938
6650
9226
5783
6232
5332
7489
9438
8152
6711
5215
7889
1873
9508
3967
9273
3051
7631
9849
5267
9064
5660
5181
1377
6666
5543
9347
7945
3836
232
8920
3178
9091
3398
9869
5612
3580
4451
6926
820
7546
3745
5537
244
347
9552
4114
3783
9810
4344
5470
7837
2302
6257
9918
4472
2353
9264
2728
4376
1615
8378
801
1351
9490
7248
5927
6082
9730
4897
2607
2444
118
6852
9520
4075
8462
3115
961
8420
3601
4371
2944
3283
5264
8603
1265
8026
4704
6894
2304
8037
3521
7638
291
9032
5154
9630
7195
4514
6666
7357
5595
5057
2921
5246
1709
7547
3609
2925
4749
7764
2385
1032
6462
5583
4000
7120
3340
3009
6205
8253
2123
1115
6904
494
1460
6793
3414
161
2957
8254
7427
6204
3129
5646
3605
5350
6918
1332
4119
331
4607
4401
3602
1758
2550
6681
8772
7537
1759
7499
1874
9180
5475
1030
2413
5846
5124
2725
8596
2227
1630
7395
2174
8384
7196
3897
2653
7677
5199
7113
1827
6294
9883
7312
1507
3793
7407
5233
45
5406
4383
7193
9745
5331
954
9216
5616
5577
6380
8016
2612
3457
5774
5642
7008
494
5564
5400
4226
1296
2978
1089
5615
8581
4475
9284
9066
5838
9444
1926
4236
9435
3775
3409
960
9875
8169
5360
3653
8145
7359
6724
7672
3637
5609
7312
7821
4950
5578
4476
5195
5449
8826
9172
2542
5138
2485
4942
8931
5594
7715
7085
7172
9243
718
5018
9953
3980
5964
3040
4663
6032
6231
5035
3240
2840
2123
1475
9255
2289
2893
3844
8322
7477
3391
2797
2439
3423
4389
5465
687
5179
3399
3642
4990
7540
1822
6709
2446
805
8170
2334
3793
4189
5474
6445
1800
567
4362
4149
8137
9158
7052
2873
8380
1690
9054
2655
7457
7031
4802
4233
5001
8861
5876
5811
7819
4387
8021
9784
846
2016
987
5387
2331
8468
1578
5659
3905
3548
6475
2791
8591
5632
4487
2853
943
3013
5123
326
8173
6687
3648
2348
2391
8776
7590
4954
454
1568
8784
6910
8069
6583
9918
2056
2967
9512
7694
1325
16
9845
2043
2670
3179
2196
2553
3885
7611
9342
6735
3795
9058
5890
5491
7575
3362
6120
5891
7289
4318
4961
1082
1543
6947
6823
1859
9192
3387
2596
1964
8467
945
8941
1173
8846
2518
2141
7572
3192
9521
4838
8638
2355
9804
1244
6986
7640
4464
9005
6612
229
7801
7533
2775
7666
88
8592
1325
6122
2171
4322
4246
6845
3946
3480
2521
6623
2619
4632
194
4940
7257
6931
8289
4153
7285
4865
9205
7523
4825
4100
3856
1443
8725
9070
2629
5704
8464
8103
3009
6595
8196
108
8489
86
6745
6925
9545
5504
3938
451
6564
4418
61
6807
9728
7367
1564
5439
8444
1466
4892
1803
5363
7993
9281
520
9167
6288
4521
5414
3895
7394
3005
2244
9175
7347
5398
2883
7723
4173
6557
4284
6243
2018
3482
1059
5731
4283
7204
7960
4853
7173
9224
283
6667
7645
3640
6390
1449
3492
6200
8027
2538
2670
3696
8820
2709
4347
9678
9315
42
4728
1899
1935
1607
135
1034
2972
4701
4019
7333
7142
8815
9034
6443
721
9869
887
7487
9246
4097
2725
1687
4734
7251
2512
9746
6794
7604
9276
4827
3800
7699
1067
2001
1135
4339
892
632
1178
5599
1365
6028
8825
2304
4382
4068
7373
4504
7140
7397
9320
8510
4022
9311
3283
6931
1257
7293
2925
2496
9144
5399
3418
1815
4396
6178
8210
6055
1033
3994
2802
832
6611
2121
3049
3842
9442
1393
7252
4632
8922
4870
9457
5752
9748
8266
4280
554
9598
4009
1642
2830
5818
164
1311
6892
5778
1371
2436
6604
4141
5869
4811
9766
1460
9813
3680
123
88
2653
7238
4943
6770
6290
8976
9662
567
6789
4894
7209
7659
3928
4088
2069
6860
1279
3270
7742
3729
8369
9201
2442
4840
6881
7105
2676
5608
1310
5860
9287
5129
2154
4462
1632
9617
5900
9088
7842
3909
3448
2400
6126
7067
1468
1890
7994
3898
8514
4934
9859
322
6057
3643
5529
6177
2193
8085
8787
9150
3529
5423
2926
4091
3360
9767
5944
6853
2725
8316
2842
8648
3794
2673
9520
1153
8618
8286
1985
7934
9990
7469
5916
8565
1744
3563
9935
991
6501
6126
2449
628
338
6402
4011
9249
8738
2535
483
1411
5683
798
8562
3909
9953
7899
7757
6770
6258
4151
3089
8214
8973
9763
566
6394
6065
1645
1145
950
4319
3071
4560
5608
9222
560
3993
2628
6385
6873
6706
1123
6170
3163
7676
9732
2749
6290
6299
4172
8726
8784
6372
6394
3503
491
8899
8892
2631
7163
6066
3255
5566
5568
5912
8117
884
9358
7287
4330
3621
5119
7764
927
7658
5042
8994
215
6006
2698
9884
5107
2447
5133
688
4352
3207
5071
7423
4965
4684
6243
4279
148
2456
6940
8867
8596
5659
7201
9266
6232
370
2702
8633
1414
8878
7810
5969
424
4945
5951
2321
1670
4455
8358
4130
4152
7633
5528
7954
5337
7466
9100
4479
9783
2652
8721
2891
9042
3720
9441
7528
8496
6223
6845
8795
3441
395
9484
9985
4118
4562
9436
8305
3263
2857
5737
6119
7804
6224
4173
1733
32
3331
85
1446
6861
2056
6642
978
2416
4407
6629
7065
5420
7320
5280
805
7040
2739
5253
440
2513
6390
8649
6323
9228
7764
9155
3974
6182
2577
5529
3565
6522
5342
6446
6238
7511
4703
3068
5838
8024
2619
7568
8586
6575
7548
1579
3429
9299
5054
8954
2262
7940
4181
5779
9421
315
8682
4933
9797
344
6588
3457
4609
6046
6867
8921
901
6024
8926
5181
1503
3195
9801
288
1409
3461
8028
4187
6192
4787
7623
4005
2023
2348
7932
271
8127
3370
750
9109
1950
8633
8606
3840
5113
3470
4771
5181
381
1665
5202
7
1231
6539
1135
3336
9071
8483
9425
3134
2505
4399
1386
4327
9339
5968
3674
3908
9582
1230
9095
4340
285
3610
2165
927
2852
2635
1347
5048
8971
6158
9507
5480
3740
168
7195
9728
8869
9839
5362
5511
4991
2286
8286
5941
5839
1649
9187
7350
7372
4719
844
5939
8878
2631
3009
9202
9047
8157
7940
4677
2764
3091
8328
1041
9654
8833
6120
3547
8959
6219
6362
2579
5209
6492
2104
343
8949
939
7381
8894
8518
5873
4070
1033
4246
69
5963
3419
1014
9836
6253
1561
8362
51
443
7625
3260
5782
8247
463
1607
3028
737
3342
8735
9299
7093
1244
4583
5670
797
1800
1032
9206
789
1568
6191
8319
6228
5599
911
3087
6713
1063
5610
7539
5504
5732
6627
7270
1314
8749
4425
450
8490
6888
8314
795
4227
5391
3260
7386
9553
2100
9084
9410
376
1135
2394
1088
177
1015
309
1201
7436
7939
7123
9802
5281
1511
8721
4692
3843
1832
770
167
9031
5419
5092
1112
4092
830
4339
6582
1511
1511
6198
1041
5453
820
4468
4430
9288
2749
3589
7511
7766
1778
9912
4762
2871
1898
8755
8440
2433
1501
17
3459
7914
1444
5719
747
7582
7586
4722
6978
3903
7660
7658
2386
3175
5485
3818
6248
3116
985
1133
5777
2145
106
7203
1432
6604
7344
1794
3281
9259
2157
4217
3826
5087
4373
5470
108
1122
8348
6982
5673
3714
4856
4087
2670
1650
2570
8529
8559
8305
8509
9377
2434
5305
6317
3552
2920
7250
4210
4869
135
8495
5607
9999
5025
2881
244
4288
2813
5655
6102
3171
4932
9973
1958
5166
8929
3913
340
1627
3089
1958
5128
7592
5205
7950
1727
9600
3386
6898
4048
6477
2903
7862
5975
479
4403
9164
9591
2764
1641
9471
941
6272
8404
557
9838
6451
2063
9658
6322
5392
6978
948
5911
6058
6083
4673
7312
2499
4631
3140
1809
5077
9131
9278
482
8172
590
8380
3795
7386
16
8309
9126
9252
2622
7841
9294
5581
4907
363
650
1710
6304
7192
2662
6846
6514
6033
2580
4672
5551
620
6527
2173
7730
8986
2569
2049
7921
7498
4261
1898
5386
5505
3743
2032
9032
6007
8125
2120
4216
4937
9330
9641
6628
8223
9082
428
8767
8238
9847
9880
4611
7453
3850
988
6853
2539
9302
5756
2088
6505
5771
1521
1132
9302
1097
7460
5447
747
7519
4927
6530
3854
218
7102
3837
5736
1077
6833
95
5994
4508
963
7851
4249
4639
5180
7722
5429
2479
1767
1101
9214
4747
8558
9415
9939
1591
8339
5823
7892
3627
5057
3488
7514
2203
933
4629
2406
4450
542
4413
4949
9791
4815
8758
1666
2253
4751
1854
1671
4279
9509
9946
747
2860
5933
818
8160
4176
1777
7685
2542
4210
341
4204
471
6346
4748
7300
2957
8452
4870
5499
4703
5062
3665
3063
9819
504
3752
7378
4264
3259
5361
2004
9794
5159
750
8015
2128
9367
2484
824
9681
8523
1481
4945
786
4196
8013
2126
3086
5260
5690
6161
187
100
5570
6910
9645
2347
3807
5280
1905
7698
9625
1347
1550
548
8076
2634
6013
5807
2331
94
2982
7497
4665
4361
4401
2036
9335
1917
5347
563
5675
1767
1378
7416
6290
1581
396
7822
7122
37
8856
6189
3620
7288
3005
4477
5266
6708
7565
9295
5820
6079
2288
131
7848
2927
6363
3405
1317
2156
1050
2194
9400
6877
4894
6461
8948
2030
1867
1195
634
6770
3022
8926
6991
3536
1973
1845
572
9666
2714
3023
9640
7582
7058
662
7003
8655
4946
6944
4968
1526
557
2930
6102
2043
3452
9261
5979
4330
8172
1734
4851
4455
8864
3706
3947
8943
8581
7150
1500
7449
7065
6328
7544
2785
5514
8189
3995
1259
5768
5177
1545
6527
5844
1161
9966
4059
4444
117
9609
1369
248
5746
8634
3187
9205
2329
6822
5962
7691
2558
8457
6438
8753
6008
6464
9328
986
8750
6006
3815
4654
7850
9411
287
823
9181
5906
135
4208
3261
995
2819
9497
2754
8437
3441
3551
4220
379
4886
3757
7284
6569
7545
6176
4457
5899
2463
8773
7636
5074
8519
4051
5679
9717
7665
7759
3436
5726
4212
620
9892
9362
5062
9923
2224
6523
3302
3264
7401
5140
2787
12
6488
5745
4088
3859
6880
6096
5569
2030
2560
5322
5478
8337
1853
4603
5387
8152
6414
1348
483
8722
731
1272
593
6057
4891
4706
6487
3515
3092
1092
6021
1830
1354
5471
369
2852
7513
1754
5043
4047
1165
4216
4548
2324
2656
7422
9277
8916
6510
9889
7753
9790
3183
5346
1213
4812
2072
3832
4689
1601
168
5933
8213
6223
3717
9387
4459
2156
1931
6107
7256
7893
2895
3350
2006
4588
26
7102
8481
1078
2367
9297
2100
1854
2481
7390
3180
7081
777
9258
1006
4182
2099
4024
3117
2190
4440
5969
3248
1251
123
2596
6936
1692
1119
5127
7233
9143
3996
8467
8332
2037
4454
40
6524
5547
2499
4018
5449
6022
6937
9176
8742
1033
3223
3896
1713
566
9316
1734
2860
1346
8928
9234
6172
7658
2504
1259
2208
4661
4935
6117
6872
2667
7052
8952
7080
3051
6206
2452
2634
3792
9324
4027
2184
6018
9474
6410
4982
3771
5308
8046
8820
3340
4851
1588
5212
2767
9460
2774
3272
4050
6880
5877
9931
6102
5575
3897
4252
2153
8554
7979
2534
5255
1960
4774
7299
5829
1855
357
8241
5807
9689
9230
1994
6284
7006
5180
9117
3355
7942
4617
3128
9721
2293
648
4932
3425
8590
9980
600
4470
1698
8299
850
4988
3553
7830
4277
292
2384
2114
964
5939
1418
5154
790
200
6782
6133
2218
1233
6852
7962
9053
1048
9474
4291
4312
7390
2525
7937
7591
5470
4661
7360
99
2128
2992
7966
4051
6488
2307
3892
5031
5507
7130
6694
6527
2773
3947
2080
4899
9509
6510
1896
5291
6341
3622
7998
8965
1526
7871
8583
1043
1159
7931
4758
3523
399
4856
8948
3040
9596
1377
4211
1777
2326
8144
1750
2867
2279
8775
7366
3674
2347
8085
8754
7605
6401
378
9773
7319
1332
8823
5675
4472
1065
857
9828
2876
3975
9562
356
8018
6479
6416
6714
2784
3533
2009
8779
7567
6747
6749
5843
1529
8513
6943
1279
6814
5190
5928
7297
4480
1450
3732
3566
3743
2740
6094
4568
7474
3625
270
3419
6310
3030
519
8867
1589
8464
2344
3438
958
4261
5596
4403
4216
8444
4212
1084
6119
3867
2438
3716
4990
3499
5690
8618
4944
7102
7585
7217
461
2764
2549
891
9261
1983
4534
562
4833
824
3536
4129
5999
5477
7955
2662
8373
9796
2135
4184
6090
5890
5450
7429
8439
3208
1600
6566
7580
1995
6773
9106
2434
7585
2493
8428
5037
5621
2625
7334
4526
5372
6758
7825
3505
6870
1
3931
2831
4569
6888
8521
3290
6970
8090
5261
2501
9199
9548
8136
5877
7019
8399
4641
4512
1214
7747
5650
8880
7046
6994
6208
9738
8507
6756
5551
341
7991
2167
4965
1163
3005
5712
7967
2795
6992
8615
3223
176
7211
3440
26
2053
6242
3436
2740
3678
1126
3087
5994
1376
5598
8928
6870
9755
2104
4879
6289
210
2667
8389
8536
5992
1971
5568
7069
4330
1501
6060
9689
5284
9431
7066
1045
6939
8483
3651
8683
1015
6989
8907
4500
3014
7577
9227
1555
258
4522
2455
7651
4121
654
5181
4747
7729
250
2435
6906
9931
6019
1052
7824
8925
6513
7287
7298
6633
629
94
5117
9879
7542
7531
8996
3435
6952
1445
9839
1456
7475
254
133
7978
4329
3549
9529
1096
5544
1542
2427
9980
7036
5892
8263
999
2860
9685
9090
2623
1150
1188
6603
9944
4668
8415
4955
7342
1520
6534
1354
4895
4005
7655
8707
5683
5783
7134
2218
6765
7365
1142
6099
1257
4023
6483
5175
1236
6055
3306
9239
3318
1756
5839
2101
1482
9753
6803
894
4272
9485
6771
8547
5603
9978
9417
3261
3516
885
68
8853
3129
585
4296
5112
8681
9114
6449
2841
2794
9582
7090
2104
8552
7715
5183
4800
8614
8538
8280
9765
7654
6387
7842
2620
365
9737
9910
6964
4345
8442
1015
7748
2260
712
232
5893
7461
752
6303
205
5489
6900
5775
7013
8612
9628
2799
9973
5127
1099
2163
9467
6012
4111
9136
4253
4711
4046
1651
1026
6454
2649
4756
2028
2007
3915
4081
3931
8504
9973
4165
4548
1161
4037
3418
984
2483
5566
1042
6979
4984
3535
3929
4331
2371
9521
308
837
2934
3715
929
546
2913
6585
7574
5781
5539
9427
2628
3059
5260
8460
8499
7549
9897
4865
2042
765
1177
4114
4016
6969
525
3956
6344
2290
910
1418
6872
14
6620
1774
2105
388
1650
7314
485
9564
7915
5403
2435
818
8860
284
463
4645
2547
6787
1875
7739
3633
2027
9546
9221
7686
202
3926
4596
2208
5781
7965
3825
5299
7792
952
9479
369
9548
6563
7634
3011
2692
2352
1911
5865
5679
4890
4703
7673
4521
6756
3032
1124
9699
7571
857
6010
645
1374
9840
817
8966
2754
3506
9726
1644
590
3992
190
4678
530
8774
7587
6130
230
4882
3794
2024
2916
6321
6280
4145
9391
3651
4577
3838
2971
3686
844
2690
5241
735
2297
2616
1353
1497
388
7608
3183
2125
4090
7424
3617
3008
3901
2850
130
372
9
9182
7277
4047
5769
1217
3613
9601
8274
5452
2122
8766
9874
3091
694
5862
4630
5257
608
7377
8848
6120
2267
1294
8950
5292
7252
7353
6378
4803
8964
7886
396
8772
9361
7126
4696
5055
6779
5552
9371
2425
5535
7737
8701
9810
6813
8279
9312
9251
5820
8973
443
7444
965
2448
7861
3406
6902
4702
764
5656
2886
8490
402
9787
210
8846
893
913
9770
5620
8656
6994
5029
4687
9628
3116
7186
6076
6516
58
5702
8424
9392
1837
7460
3674
138
7517
9584
7555
4960
4331
1314
4015
4452
2234
8907
2586
366
8708
6875
5046
6686
5322
9219
1093
8933
62
348
1684
8028
1099
3034
8538
7731
171
2289
6566
6303
9192
4760
6991
8729
1098
476
3435
3407
1572
95
8577
8031
8785
8452
1356
1663
4895
8211
728
3202
7848
7319
6055
827
7760
6969
1171
9200
2490
4686
6191
4531
7159
7704
3025
1145
603
5074
8516
675
9279
4581
3910
5292
8693
4031
1373
6799
3603
4676
5105
4669
9514
7150
9087
7309
8637
7439
8536
1644
1022
3231
3156
9665
4540
7931
4950
2789
8562
8193
5109
9953
3260
396
8308
1255
3546
1291
6583
888
2210
3750
6611
5251
2780
3718
9937
2922
1579
7168
2874
5637
837
7613
9815
1977
6056
26
8929
3953
3447
4141
8384
386
3358
9198
8124
1155
7841
2537
6656
8782
3226
3258
3243
9852
6473
8820
6782
4078
6956
2590
9221
5856
4432
6146
774
8132
9611
5092
6155
2188
5583
3382
8208
2624
6634
5388
5976
7597
2350
3198
8454
7743
6715
8855
2640
9982
4407
7510
6136
2368
537
7014
1790
8934
7294
6336
6976
2261
7072
3401
2735
4328
8308
4209
5198
7220
157
112
297
5665
8631
7197
7537
8596
6956
6058
6140
784
7257
1526
3397
3758
5429
7560
1570
3581
3770
5839
8109
2926
9661
7325
4844
2600
7021
8730
7958
3486
327
8504
5471
8579
7996
617
378
1589
3356
6742
8475
8449
2500
9848
4359
4823
6445
9692
9650
1966
4285
5371
8728
3826
32
8039
8326
3238
9200
8578
818
8797
7966
2810
5829
2375
4639
2514
2274
5851
4136
7988
6263
4251
5457
3162
2860
8380
5841
7977
7435
3468
2775
7899
5880
5171
2735
668
4908
3531
3633
2872
6046
4833
5573
8755
1860
8478
1145
2317
4033
7056
8293
1702
622
9941
2771
3973
5126
4225
2426
1445
4427
9588
6331
8690
5845
7569
9892
8284
8787
8948
52
2748
1877
5189
2589
6135
7375
6678
515
5542
7090
3167
8001
6198
3539
3311
4498
1110
9254
6824
1538
4145
9521
918
8654
8434
4836
4782
1954
5695
4603
5155
1753
3714
288
7091
9657
612
6337
9466
4146
1605
1989
8048
6055
5424
8397
3557
8511
5028
8332
5861
1612
5239
4239
8054
4501
6771
3764
2070
3695
8310
5290
2215
2119
315
3572
5505
9462
5616
6580
7297
9964
697
8287
4539
6520
6729
1404
899
9137
1834
8916
5801
4024
7372
1315
9234
2138
1955
5506
7777
2186
393
6469
9576
7260
9932
6032
4124
329
2204
1400
2300
9951
7733
6524
2968
7567
896
2130
9176
5955
7848
775
4638
9000
2665
7933
3732
4112
7149
1046
7907
7658
5691
8741
979
3986
6750
6940
9062
1272
5440
7666
5664
9566
5945
8707
2811
969
5141
4992
9401
4713
3207
4150
7916
8313
8032
5496
1139
7204
5303
5785
966
6263
7908
6999
1593
7038
7605
3050
9492
9953
3003
4608
774
1235
5425
583
2072
360
487
4107
2247
5006
6138
1194
4976
6991
3771
9763
8467
8894
9989
8952
9114
4073
2932
3354
2198
1843
943
7885
7388
2227
9083
6870
9292
6209
2913
501
3526
1565
9438
8852
2001
1022
468
9225
3099
3638
4095
4127
2538
4094
5717
8963
7652
7370
7746
1581
1238
356
17
7852
9107
3342
9382
2573
3110
5868
2676
405
618
3561
4405
4373
4362
6771
473
2579
4291
7234
3684
566
5786
5318
1664
2188
4412
2194
5828
5800
3565
8523
384
3002
6843
2250
1840
7246
5691
1150
4458
7933
9775
3489
7821
5844
1744
9629
3391
5074
4446
6015
3654
2261
9136
1826
1924
9053
6696
1263
7804
1149
5280
6799
8619
9508
8618
9967
903
9151
7991
860
9142
8180
9192
7515
9049
3989
2581
2657
7009
3893
3116
5933
6435
2509
468
7411
6167
2482
9632
4543
5166
6479
9983
1794
2330
8390
3746
9176
9716
482
3802
1584
2461
5361
9252
7931
4789
7820
3951
9136
3941
1331
9105
5638
2063
5438
7002
8233
5986
9527
9066
8750
9899
9189
5726
774
8320
1831
9536
1511
4199
8613
3066
4463
9031
8868
3804
752
99
5228
1967
8302
6465
2856
6103
5095
8004
2602
7307
601
9810
210
3301
7372
785
634
7302
223
1853
5725
3200
6942
1133
3598
9373
7985
2911
3889
9448
9385
1075
2330
6067
654
1902
7912
6501
2317
4719
5795
7880
1837
6314
2325
4497
4258
3480
3773
9311
6114
3050
6346
916
5622
672
9525
4227
191
7434
1694
1493
4838
3272
5415
8994
5380
1673
1610
8390
944
9219
6938
1398
3217
3769
1692
5201
7651
9932
9433
6199
778
100
7899
9125
605
1111
7336
9337
1500
7443
948
4027
1313
3224
7919
5725
6063
4142
2524
18
6573
381
1254
6440
2683
6296
3890
8828
6238
5006
4526
1334
936
4217
1550
3180
486
4793
4983
2781
6464
8937
1809
2826
8785
3383
2586
9284
869
8992
2570
3908
7841
4964
1659
2080
7294
8404
5004
1930
9639
7405
6385
8788
2443
8124
465
1567
2317
7066
8860
2895
6996
5486
8948
4887
9586
3032
1074
2518
3337
9674
1273
5852
879
7001
6386
5295
8038
8215
1414
5990
1734
8284
5538
5926
9640
3436
7726
3811
8509
3238
7090
7747
7410
2062
647
6674
2265
897
4552
8964
8899
8114
7524
2
5941
7704
6008
9088
5032
5266
2519
2599
9772
9687
8645
8107
6035
5284
5011
9066
8311
8597
1232
8822
3510
4837
1450
3366
3737
4235
6065
1751
9027
4356
1858
5042
3347
9181
1332
9125
4280
6483
3566
666
7578
9777
259
7547
4983
4356
6818
9397
929
8114
6358
1211
4959
1
4290
4402
5517
3024
8613
1068
3258
2403
9663
2835
2515
9968
2709
8904
9095
1067
9711
3225
9223
9695
5306
7584
859
8207
1150
4736
6740
9699
8525
5541
3100
9039
9994
4470
5908
7361
3405
3524
6004
9609
1776
3064
4462
3642
78
8637
1703
3746
945
1135
87
5801
1819
9820
3249
593
8678
5761
5979
6334
9678
8264
4387
2039
1189
8744
7230
7806
6440
8549
8025
1120
1818
2686
3411
7985
8436
6682
7659
3320
6489
4178
6341
7207
3237
3446
3024
7967
9460
5638
1985
6787
2433
4732
4891
1764
8673
976
2795
7587
4434
4326
1906
3137
1806
2132
135
8720
9961
8284
3373
8411
4507
7440
2045
3950
3736
6039
9346
7183
8943
3194
5253
6035
6855
9807
3236
7971
2030
2865
8593
8730
3182
6583
4802
9481
8007
6578
2473
3217
9387
6671
9451
9882
8231
9358
4989
7080
2640
9863
6141
7093
7393
5064
5874
6144
6207
803
3812
380
1206
9440
3081
4411
2794
2093
1943
6262
2074
4450
1316
9616
3268
5017
8594
4868
278
7138
5267
3602
8721
1140
4691
9116
9293
9509
9696
7534
747
9546
1271
7618
9094
4112
5425
8079
3576
7691
8096
8689
5738
2439
5686
8363
2255
7268
1516
8403
331
5544
8255
8624
2621
1099
2228
2951
9399
9101
2450
3958
2491
2563
4306
9076
1542
3121
3825
7744
5349
4735
2632
8060
9029
4359
9787
1354
8937
5850
5051
1824
8019
278
5038
7055
6091
8243
8770
2295
2802
2573
5191
9926
6824
1263
3356
4219
9722
5003
5469
1737
5205
7279
7656
1207
983
8219
3357
3953
4404
2766
3158
1369
40
4276
9389
1061
81
6172
8876
7909
883
8994
5203
3055
199
5392
3059
7234
5521
1765
827
7782
1063
8713
2832
2374
5460
979
9515
8637
1008
3960
7320
1636
258
2294
7168
4838
8195
6552
6437
3040
1573
6566
3060
6997
8226
5329
4127
9504
5545
2081
4605
7037
4679
7553
3731
7160
7618
5386
3534
8180
9485
9971
6143
9311
4503
4469
1259
2556
9875
8347
552
1569
7958
2970
7916
1616
8723
1648
3247
3618
8643
5546
404
6348
4751
5155
2760
3953
8996
3453
8044
6238
365
732
5774
4550
5618
570
9055
9283
4120
4219
7090
8298
2993
3340
8217
7840
5182
8462
496
2577
7278
7026
5169
3963
5509
9750
680
3168
6783
5183
6604
3587
5309
3259
817
2164
2243
5884
918
8972
2613
9426
9389
4514
5801
276
427
7229
7947
884
8409
9995
8895
7318
9433
6194
4709
6986
1535
9098
6674
3416
5392
4480
7682
6720
514
1809
6739
1990
8783
572
3233
4454
7684
2004
7398
8554
9799
8204
3722
5749
3544
6122
7503
6231
4864
9511
603
3812
9811
2427
4772
8810
6173
4316
3977
5444
4604
9086
8054
4661
7560
6270
4400
911
6449
4409
2192
762
8723
3640
5011
6614
1527
2068
4102
8155
5924
2221
743
4970
4576
1847
2217
3741
1756
3192
7175
4348
7369
7554
5047
2297
769
177
9581
4535
2551
4862
8882
827
2020
7047
9431
9011
7712
4526
8237
5421
7785
842
2062
8136
3701
1667
6311
7094
9925
4453
4913
1715
9660
5878
7172
2785
7357
853
2376
9497
6180
9085
7536
1561
6165
9289
9977
8174
8448
4273
4184
9338
8232
2646
4155
7661
5649
2693
3902
1084
4877
3083
493
1917
5886
8925
6830
1046
1747
9852
9968
2393
2425
6191
6118
3728
8526
4377
4280
2645
2238
1596
2671
2759
5140
1440
2369
4001
4061
2688
2974
4950
1627
1359
2262
2085
1635
1450
3317
3036
4394
4274
6686
8206
9610
778
2294
6815
1137
1506
1715
2705
9643
8942
3044
7100
7931
5493
4202
7350
8820
4293
9090
5133
5493
9065
903
2580
2539
4004
3965
9630
9941
3152
8570
9194
6165
2022
5008
632
2046
7677
4691
5952
4139
5313
7967
8643
4168
3796
251
3213
93
