8784
1387
5463
1773
6083
6080
977
6941
3661
4894
4809
9450
117
9372
7930
1434
5992
3094
7905
2356
3526
4776
6067
312
8869
4551
608
8017
3301
3038
5252
5824
4474
1403
7934
4519
5395
8641
2168
2879
745
7670
2512
5960
6775
6666
5917
2133
8078
7740
6154
8428
5036
8133
7904
1222
991
6347
7126
2165
5908
364
9130
6283
6563
8947
5249
3216
5212
1447
1883
3755
838
7744
9621
7983
4301
5124
8883
9741
8066
7275
3657
7013
8957
5065
8013
4077
3313
9834
4009
9374
4066
820
944
1823
3506
1325
1004
8331
4286
8240
9450
3639
8940
6035
175
6956
9495
9034
7443
5604
9573
9846
4935
4119
6750
6919
8372
4901
2842
4103
5505
8618
6563
524
7917
6280
4091
4016
7591
5242
8178
2471
6301
964
1396
5003
771
262
1641
1796
3390
2778
2551
8039
6264
1112
8907
1691
2387
7177
6626
5612
1965
730
1704
3650
1589
5861
5647
3168
5605
8637
3367
9681
8398
5903
2738
3002
3859
800
6598
6880
6925
2910
4325
48
2178
1145
6319
7512
9573
1513
5917
7761
9027
391
9798
9519
1556
8952
128
1697
8783
2214
6934
4276
3125
3201
157
8026
386
9765
4755
947
9765
4453
7390
9246
2203
2339
483
9646
2934
3252
8678
3656
2261
9514
3058
6664
2263
3412
4226
6957
4377
6002
7888
1980
349
9173
7208
4115
4489
2267
7577
5626
5804
3540
6606
6869
2905
1708
4146
1082
7865
3952
3513
1009
4283
9695
9062
7085
5740
5352
2756
7727
8229
3631
1249
8659
1372
5066
9637
5723
2930
3368
8831
6536
8958
342
5572
5758
3550
8524
2244
2948
4225
4664
6357
1786
5240
4077
1695
666
1058
1430
5529
5869
8413
6320
8550
8764
2218
7985
5273
2653
9172
6568
1930
6812
9340
1794
7888
7932
6539
6451
5819
7217
631
9950
2284
5501
3665
1944
8369
3157
7436
9470
5095
8418
234
8927
3705
7924
167
7344
9251
2692
8666
1812
9426
9553
4670
9273
9412
36
8373
3558
1477
5095
4566
8048
8752
4589
125
6784
2105
498
2372
3242
3488
493
8090
9861
8854
4830
7862
1812
8387
2528
5878
9348
6361
7839
1469
4865
4187
1479
1536
2535
8331
1568
4998
9288
3425
3684
8009
7931
3076
1858
3354
6672
3906
2217
3413
6514
6870
9125
4299
4722
1263
1117
4557
1929
2381
5738
920
1550
4121
5995
3817
5253
7197
8858
1809
7462
9743
5131
4653
4895
2490
7525
9951
3512
5845
5543
7538
9926
5226
5337
8215
1499
7147
3178
523
6494
5138
5572
4603
3602
5999
162
2021
3498
5729
5259
8865
4146
5727
6731
2957
6811
7439
4863
4206
5994
8259
9234
883
4065
411
5751
9170
8087
5740
8911
8071
6859
2781
7772
2374
4519
5996
1309
2109
7576
9993
3518
86
8168
4278
6607
4964
2035
2758
2244
8105
7920
3764
1056
137
4139
263
9631
8224
3098
1484
9057
3322
1758
7624
36
9655
6676
2691
4367
1743
9115
3720
6868
46
1221
4085
3046
9493
2168
7049
1832
639
1267
879
4957
9614
8956
1844
5193
1120
3633
3589
977
6525
8301
5927
7061
9146
173
1154
4433
5802
1406
9420
2324
2960
4359
1841
5135
8745
346
64
7837
538
4729
7634
8147
8488
8176
167
8089
9146
2105
1991
1111
6478
4412
5113
7172
4279
1151
5843
4688
8263
7416
516
1285
2126
7687
7007
8571
4898
6642
7758
6905
8458
4802
6209
5943
4941
6903
2537
4022
2903
4915
9705
445
6327
4437
1770
5585
4323
6361
2343
8779
5263
4930
3567
9886
6700
2332
6418
448
1659
1010
2938
1069
766
4614
3208
3835
4750
5341
5877
8410
1000
4665
8726
1627
9607
3331
4733
2277
6833
1899
9372
1487
8373
2252
22
1295
7771
710
3546
8373
8950
9349
2516
112
1246
8589
2743
60
7783
9494
8689
2092
1770
631
2901
9854
1000
7996
7415
6204
5373
46
2914
7095
469
1680
6765
9811
9053
4417
9039
5959
7164
8275
6815
5880
3194
6776
1869
2674
7254
6671
2849
4392
1778
2014
607
3443
2455
373
5154
3380
1323
3729
7270
1868
7289
3947
6358
1840
4375
7900
3090
9112
2657
4526
7632
828
7531
7139
2571
7780
8290
6820
8744
8709
781
3830
1566
9311
1748
6384
3176
935
5857
8961
2350
1696
8712
5210
3199
68
1758
4203
9281
7553
5185
2405
6782
309
6528
5952
814
4003
3358
1204
4883
2678
2687
9244
2470
8797
7886
3406
7631
6218
6437
4129
436
1668
1969
1437
5141
7001
735
519
6639
1867
6424
9853
7954
8601
1366
7652
4682
3225
9366
7415
4285
2604
7007
610
5649
3756
2672
7261
3478
792
4327
6376
1419
1435
554
2542
7767
1585
5718
675
274
7940
5858
7176
1202
5220
7569
7542
4376
493
69
3644
263
2994
7514
4919
4977
5560
6490
5953
8521
177
4236
592
3396
1860
3881
3869
6138
2673
7925
4446
3514
1810
9543
7929
6867
8594
7359
3737
9863
5368
9418
8003
7032
9078
1204
2840
5677
7546
7373
7699
7334
6498
583
5524
6787
1730
3474
6537
2266
2536
1639
5052
8330
2159
7895
8741
6738
1739
7924
6907
882
9797
9531
9491
9427
4051
199
1550
4974
2960
9803
5766
8869
4968
7619
7294
1794
4015
2182
3201
4166
4286
9595
4477
5770
4389
6067
1922
3504
2147
4507
6442
8700
8188
46
959
2855
762
5619
7968
5750
7093
1264
1420
9890
4770
6004
7450
8377
7666
6588
2961
3728
8855
9978
3441
6619
3610
8339
2301
3630
4553
3329
2738
8088
7398
1961
4023
5495
663
3077
6986
6649
1935
5315
3915
9258
3547
6919
206
431
9554
2123
2601
640
3877
3740
9342
4241
2159
5656
5967
5755
3249
4098
6242
4839
6175
2026
9156
8929
7982
4802
6195
4201
7090
5573
325
4586
5533
8981
6561
1828
187
7768
4476
7492
9779
3505
9866
4678
5874
3569
8442
2561
4180
674
4416
614
2074
7699
9266
6294
3481
7080
4155
4051
778
1642
901
9322
1328
4919
1793
4435
3943
3529
8953
1252
1970
4274
9456
7181
7756
4982
8754
7114
7041
6096
4035
894
6571
3222
9205
5301
106
3113
87
6245
2250
1381
9698
4794
6965
2610
3768
6054
3569
7272
1267
4447
1220
2465
2748
3454
1646
761
9101
1005
8892
7734
4512
4502
4338
4690
1578
8341
5208
5641
1761
6197
1590
7476
8028
2824
3776
5368
8019
4815
765
4746
5973
3814
4886
8662
5064
6460
6293
9853
9707
2197
5745
9266
7420
1621
2413
2766
2795
3547
5191
175
5937
4396
5416
2953
5714
5599
8949
9765
7066
2784
4875
4212
1786
4828
7478
1372
2969
3605
4738
7951
967
4372
8710
1333
9165
6170
1784
9721
3808
6276
2697
4732
3863
782
9007
3220
6501
1648
299
9272
5963
8206
355
5281
2465
1439
4119
611
5392
405
3962
212
5043
4798
1209
7174
2271
4037
5119
8990
2279
1906
9723
284
7373
508
5790
4481
1866
8967
9062
3772
215
7870
7807
4071
5348
6486
7335
1690
4842
306
498
8039
327
1806
3884
3511
8382
3409
2404
4701
3666
344
9524
5831
6780
6097
6804
3782
2817
2261
8874
8745
8491
6109
8068
1885
8784
3982
2364
8344
4683
4324
2660
8525
2463
6037
9310
9684
3106
9695
7867
4537
9200
9914
6226
719
6385
3582
4005
5103
7312
1667
4250
2823
3876
8221
6255
7467
5330
5768
4654
9715
9307
6216
6884
8620
3116
5642
9519
81
1343
1211
6753
8291
3976
489
5308
9870
2332
6728
7147
7878
9525
1046
6218
5406
3116
4007
3301
3365
960
8015
8427
9713
7864
135
1426
7918
4390
3335
8063
348
2047
6056
4498
6540
9271
3415
8474
8761
4578
9353
451
4146
7297
5613
8076
2490
7433
3246
717
9739
999
7174
245
4410
9526
9722
8064
4480
425
4177
643
96
6527
9733
9052
8921
2895
5500
7003
4154
8154
7921
2124
6787
7249
1606
487
277
8946
7882
7778
4482
3931
6093
2080
6994
426
8792
5124
3164
9938
1589
5363
5910
5158
9143
4992
7821
6322
7198
1448
4705
900
6339
7109
1844
6099
816
4605
2359
8583
4115
3617
8138
4532
3561
6673
2884
2159
8790
2052
9731
4044
8574
9412
2808
2799
8488
2231
6739
5571
1376
4984
570
6198
1312
5342
8593
8231
8241
3624
291
6255
7781
7547
7540
946
9480
1737
1425
110
9721
6723
4490
9435
4477
3380
8716
5170
4508
8694
3714
3233
7881
133
8593
408
5339
6575
9792
4254
3688
864
4109
4618
9804
8057
9606
453
3084
5275
6778
6294
4931
7637
366
4697
5326
713
1177
2414
701
3319
5807
8427
4304
233
1030
161
9531
3788
1393
3481
4151
6574
5182
2593
9078
2788
1629
2818
5624
7393
976
3491
3483
7487
6876
4240
1003
5883
9493
83
1278
4845
3225
7715
4670
6777
2273
3880
3272
7506
3183
391
2108
9760
6913
8994
9498
1376
4990
988
9807
8911
1075
739
3885
569
3459
2109
2730
8626
7689
3944
2699
2232
2436
6629
1124
7344
9845
6007
6162
851
1966
8761
4210
7137
7397
8473
9188
317
1078
9687
4939
2051
8923
5261
5283
3610
9309
6102
9205
8300
1333
8959
9866
7860
9655
7917
583
7289
4203
9050
2365
4672
8935
1121
9306
9066
3849
1267
7193
2025
2332
4762
8895
2155
9725
6085
8702
3835
5876
2830
6920
2586
310
6241
18
7021
811
3622
4167
3645
3614
5694
1485
7620
4048
7767
430
3779
4357
5063
6824
3017
4560
5940
9203
2098
6931
132
8089
2142
9113
4549
7928
6687
5283
6302
4053
3829
4958
6551
607
8820
6622
3947
7717
8104
4179
3610
1302
3232
9554
8842
3085
8716
1725
6028
46
7560
8332
3035
9204
6906
5282
9262
7386
3468
5520
6599
189
2797
6088
1693
8179
2793
1002
2068
4362
457
1663
8218
8149
2470
1754
3486
8819
5630
4827
2621
3419
9593
7846
5976
3286
2199
9968
379
9219
4165
5326
8418
2099
824
5062
8773
1909
4247
4651
6377
6379
7802
5386
4712
9756
7360
7893
924
7010
9372
8135
4446
4997
9726
6196
360
7916
5347
9173
9534
7144
2424
4357
1534
2299
6005
7175
9108
6960
588
6799
3409
8402
1442
742
4661
8662
6372
9989
5107
1306
308
4131
173
1150
1126
1021
1758
5023
4498
9484
2460
2269
2220
9661
3930
9127
2289
1389
6372
3458
5681
3883
4130
8294
116
6264
842
5118
4145
7088
4699
3151
9398
1490
6859
5250
9792
8992
4081
8267
8979
3889
7380
8981
5210
5198
1324
2939
5208
608
4276
8667
2285
5547
4877
5116
3643
3790
3547
5291
4015
3996
1745
1643
8630
6056
6833
7524
837
3122
6841
2412
7563
5713
1163
9019
14
9867
2403
4564
8062
8563
1988
5553
8397
1175
9725
3063
5770
3469
6397
7823
1790
5856
6424
2884
7225
4591
6384
3852
2878
5593
6260
6367
9314
2387
2928
9431
2760
560
3601
6362
4407
2794
6834
1353
3606
6389
1851
7295
6172
7990
9363
139
654
1761
1737
5962
677
5942
2893
3650
301
1383
548
3654
7281
6858
1588
8409
7330
4843
8915
5307
9317
4678
9415
5956
1471
789
1640
8485
3627
9806
5638
5857
6640
4001
8622
9240
5236
7556
4457
6919
8623
8011
8776
3221
379
1495
763
3071
8900
2970
6941
3905
3357
2712
5778
1851
1552
2277
7818
1723
4097
283
4258
9976
578
5103
1551
7126
606
1143
8522
7876
4556
6068
4465
2384
2022
5531
589
1150
8234
9296
3075
6058
6043
6810
5935
3849
3208
5491
9007
749
4239
411
1388
7652
9422
7468
8149
8277
1913
2113
406
4631
4102
395
441
3189
6460
9322
4846
2119
1439
7676
5114
529
7790
9421
8887
4043
5759
9221
4306
1276
3906
5107
8574
2282
1357
7411
2437
6020
510
1646
1582
8026
6319
4317
897
4933
3445
4179
5494
8956
2912
3849
1243
4586
1314
1275
588
6891
4711
6837
7459
7985
6019
2190
4701
3163
755
2150
8674
4131
7908
4925
5655
9770
908
4766
4246
2555
9390
5472
2513
5962
5095
9377
6719
5399
3828
1599
7784
3744
2163
3915
2602
2399
7664
3952
5153
4974
759
5521
1965
9905
1365
1373
4300
287
5002
4648
5804
8000
8860
1140
240
7221
3758
7553
3102
6701
2675
1757
6184
5506
738
4121
9495
1539
6877
1284
4696
2438
316
3473
2939
5980
7266
4415
2250
5937
8625
4295
297
6158
8764
5259
7088
6684
1561
7112
6961
6527
1827
7520
4382
2155
9407
8013
6303
2471
8561
1581
9043
1706
1753
9809
9402
4904
3046
8003
5190
347
7926
9072
8430
1012
8235
9469
1521
6085
4801
4850
8911
8334
3765
1830
5421
3803
9664
1265
65
3254
255
4722
6318
8845
9159
929
5636
7912
4331
3593
5927
373
9423
9569
5105
7356
6863
4378
5116
6531
1950
7288
9803
5294
2620
3510
1623
3784
6360
4891
9572
4561
5116
5667
1702
2395
9980
2010
7359
4224
703
162
3324
3044
6292
139
342
1504
8004
4092
7509
755
3110
6091
6683
9867
2384
4159
33
8851
7909
204
4938
6509
3109
1866
8919
6041
5494
2625
2047
5989
2015
6113
7464
4103
8136
5875
4077
2907
7650
8915
7239
900
7014
4775
2672
7723
8758
8870
9993
6385
3806
6796
1275
362
8252
4752
8597
4959
3873
9981
3202
6267
4298
63
5105
2181
1313
2734
5170
7491
885
234
3679
8143
9964
2533
7819
6322
9688
9672
8604
3602
7004
9682
9966
696
6669
5705
1264
1523
5804
9424
3006
2986
904
760
9049
4772
3994
3474
1454
9737
7361
1089
3061
4509
9289
5208
7424
6453
194
3722
855
9489
4958
7868
6885
2
4777
7761
7275
7946
4432
4539
706
7462
7892
6110
9390
9274
5423
2709
5364
561
3339
8113
219
4089
835
8690
9013
7187
4260
6008
1658
2931
3719
2947
1835
1393
8678
9613
1878
8858
6817
8906
3681
7016
2098
4135
8357
7108
6784
8453
6476
2178
6656
5880
2397
7539
2820
6926
8162
967
2818
1734
8381
3928
9605
9974
6779
7739
88
8693
7405
6728
6915
536
8697
8755
1487
6252
5718
5178
1782
6807
8030
3730
1773
6471
10000
9957
1024
8955
2694
1911
6654
6557
1359
6377
7782
7652
3307
5511
4946
8085
3363
1278
2615
21
6789
1277
2210
3997
1518
9500
8761
8532
7030
705
5076
9674
8310
4593
3661
1700
6399
1355
5647
4745
4682
6452
196
4691
2523
1096
4786
4995
5952
6211
9052
1872
2550
9191
1247
3660
809
636
7315
757
5962
8938
5279
2644
4479
3167
2073
365
3878
7524
8528
1774
670
9037
1671
2164
6397
5050
9299
3513
3715
3206
6165
8986
2477
6189
1461
3385
1867
3398
7709
7129
3031
1578
1988
8639
7709
2303
2411
4363
3776
9279
9354
9659
7749
3788
4247
2314
2088
8119
1030
9769
3153
5459
4852
5311
9494
9733
9274
8183
7997
1830
5160
5041
7799
2163
5517
7202
2524
4119
914
7107
4886
5036
6770
4857
8649
1068
1843
2931
3240
2060
6589
7921
6196
7934
1665
4428
6008
1511
164
3963
1402
5870
3260
57
8428
6181
59
8109
2052
9198
4981
7638
5861
1651
9368
1092
4887
5415
859
9984
8828
9112
2953
6261
9709
5444
5481
280
3151
276
3581
6100
2545
3054
9499
7957
4701
829
3789
7351
9486
306
6154
175
1177
6664
8727
192
6853
4207
4919
1708
3592
1729
1960
2652
2216
659
5326
5949
4768
8604
2916
887
5911
2400
6873
1910
7763
1889
2838
4986
2475
393
5649
1836
8336
3290
3118
8206
3569
6781
4339
7730
2378
1648
6568
3513
8258
688
3069
6891
6369
3339
2305
844
9595
1145
9937
8474
2860
8043
3069
8209
8498
6012
2005
4716
4795
6758
1955
4149
986
4127
296
4914
5902
7069
1243
711
9780
892
4547
3005
8929
4865
437
6444
9998
7896
8536
5023
2525
9933
5778
2509
1622
4106
9462
263
3116
9892
4057
8252
5273
6149
8404
1102
7319
909
1518
5470
958
3563
4849
6100
9457
2232
6169
548
8401
2829
5065
7027
4583
6533
4770
6649
3760
2670
4295
7953
1101
49
6016
1166
3924
8207
8460
4100
6646
2057
7757
3458
838
2100
500
2521
3120
5896
5821
6998
3702
2699
4328
8336
7248
9513
7224
330
1381
8699
2512
540
5490
1901
6590
353
7056
3132
4680
990
7729
1550
3951
2271
5777
4878
1778
7165
5834
9481
2813
4791
4613
7246
8077
1977
9012
7141
1895
1249
1725
1165
5018
180
3719
3614
659
4685
4061
8853
6061
8156
230
525
6612
3595
5839
215
4469
8358
9864
795
9694
3194
4071
9201
8998
2157
6567
250
2621
1163
8638
2900
3017
6297
8908
7504
6261
9899
1785
2576
3373
2678
6135
3542
8934
4332
3623
3651
9095
1746
8905
6173
1326
1561
620
1285
1622
3223
5597
6463
4986
9960
4434
8399
8584
3571
309
1738
1410
9641
236
1550
9252
8834
886
3990
7291
115
5188
6204
9434
5009
7300
6717
6245
9066
7868
6251
2598
6113
3929
8644
6270
4214
347
3167
2081
5839
1115
8201
7017
492
949
6305
4369
1109
9032
6478
7769
1400
8686
174
2417
1688
3321
7029
8388
3697
1813
9751
2414
6960
4095
8876
5590
4913
7444
3464
686
7240
826
9980
2167
253
2826
5057
6002
5756
7633
79
2359
221
8438
6697
3135
5300
4505
2615
4264
4356
5656
3421
60
4442
4887
817
9683
1431
1939
1156
4385
8116
9990
4933
8148
2109
9891
3924
6579
237
8852
8563
7400
9047
9982
4257
3722
6598
6605
2522
6059
1209
3776
1627
3454
9667
1479
7930
5575
2973
4886
2989
6518
1538
5377
1091
7191
2677
1742
3471
9903
1012
8147
2878
2585
3128
979
8462
8682
380
310
5968
3428
7624
8321
5060
3726
5366
7961
8641
6221
1286
6674
5930
8707
7830
7371
5409
3048
4511
3744
955
5671
5414
7695
6286
6099
9466
832
225
7449
7828
5323
5106
5789
868
8626
448
3890
2791
9504
8542
9475
961
4990
7294
5735
3619
7812
8323
3062
9038
4097
9122
6554
9344
1689
4678
4008
4593
3054
1038
3034
8202
4698
8836
6956
3620
586
4960
5616
9236
2905
7269
6851
8113
3922
214
9026
5194
3092
600
9655
4847
8646
9460
1411
468
6587
376
9815
3861
1619
8163
5964
5887
764
7767
1127
7126
8896
7743
9022
7771
295
3725
6426
5209
378
5997
7728
7424
2310
786
5465
7598
7854
1281
4319
5195
9762
5071
7018
7039
7076
3351
5709
235
1557
1527
4854
7346
3223
9945
7157
5160
1898
5948
7094
880
9933
8532
8351
4613
7346
2076
1078
7252
2793
1195
6611
4268
3054
4573
9456
8276
2619
7069
3085
3427
9244
9158
5430
923
4313
4675
2772
357
6427
8688
7434
2401
2706
2073
8058
2113
1557
3772
3764
657
4293
2194
4090
1050
4122
3044
3878
1306
3378
2014
2533
466
7541
1794
6169
9557
697
2834
1625
8245
2076
1272
4407
9275
4333
3594
7445
2475
912
3746
1891
4389
7332
138
5129
4827
964
9353
5346
4165
9264
3737
3407
4728
7875
4571
8695
6411
7517
7001
418
7502
3636
4042
7052
6625
841
7385
4957
7427
9544
3231
7836
899
2957
1079
7981
4084
579
7394
3397
1770
6476
227
5328
1306
1542
6357
6992
6219
866
8478
5769
3161
6372
1066
9511
422
8793
3413
8074
717
5913
2816
9532
443
2671
7036
3293
1612
6053
485
76
6251
762
539
4265
6755
4017
2122
9998
4094
2718
1670
770
1675
3092
1985
9382
7921
824
7673
6518
523
7441
8591
8523
3537
6550
8601
4607
5134
2106
5747
1499
5121
249
3801
2681
1494
182
8939
3384
4562
8441
6577
2713
3472
6106
5274
7381
986
5595
2982
269
9446
3319
8753
6921
3617
1324
6144
1799
7825
6291
2384
7000
9810
6356
2065
7307
8496
1994
6532
8659
4854
7983
1171
2883
8530
227
8863
523
9236
9589
3491
7769
2783
1958
2712
3537
6070
1690
9924
8859
179
9774
1605
4871
6886
2798
9897
3215
7128
5490
1129
5099
4187
1085
3929
3406
5221
8242
2555
755
5995
2337
931
8075
9869
9352
4852
8210
7000
5648
2387
3930
9640
1616
3945
9222
992
5364
6420
4226
3570
5138
4172
5834
9579
1641
7432
1506
97
4327
8869
6870
7722
7801
3618
2591
2887
5864
5194
7402
2672
4401
3653
30
8880
2329
9680
1931
4949
1905
6656
174
2157
2757
1304
9133
9108
8327
2237
5608
7517
5091
5125
4181
1548
4669
8561
4593
8547
2895
5963
2205
3509
5817
6780
7298
9256
6629
4927
9636
4934
8721
7943
3253
3672
8787
2252
2542
2926
1644
7105
3585
4626
1646
3410
8720
5399
4698
8493
7156
3974
2816
6644
1956
2887
425
8315
4881
8352
2154
4660
124
942
3918
8519
9857
7456
5847
9639
8636
4026
8039
2738
5098
3106
5495
7666
2781
7075
4067
3802
5072
13
5325
1215
4483
5420
1675
5364
9754
4448
3765
4166
3624
4390
1977
7642
2078
2591
3455
3815
1309
4743
1282
889
682
7463
155
5993
9956
1454
6833
1098
6168
9081
9773
5844
1682
7654
4412
4494
8901
2117
1510
516
3957
333
5543
8344
231
2990
7365
1376
6977
8606
8983
686
2728
6945
1147
9623
2857
1431
4365
6889
2560
173
8527
8117
5691
2873
3265
7521
4460
5078
3623
1105
8069
1335
2644
867
2565
3636
7890
5419
5508
5667
5739
2678
5695
386
8397
1922
4581
9327
5737
7710
1156
82
6160
9499
7056
980
791
8274
5478
4077
8340
3993
1292
2912
608
4439
3827
2483
9055
1031
5080
4240
7226
9442
4924
2687
822
8565
6491
2319
4696
952
5851
8279
1874
136
8870
3898
4915
673
4839
9763
2119
578
472
6098
2872
578
1581
6622
8584
5394
5626
2809
4007
7807
9816
597
8852
7236
2584
2986
1287
5327
2467
4069
9629
297
5418
4793
6844
7169
9704
1176
4098
4701
5729
926
6060
2214
1353
137
4038
4797
4039
9395
6617
4403
1732
6864
3890
4044
787
6975
315
8283
5495
3231
8857
1380
5103
8363
3483
5596
6120
209
906
1736
7581
6783
8497
2673
4427
1532
8996
1446
1992
3074
6732
1049
7191
7110
7089
4181
535
1859
7223
4130
5151
1764
3309
6050
3874
5957
1809
5270
1398
7580
3329
1069
3795
5998
2691
9041
9909
2159
8466
7867
5333
1080
46
5697
9683
5274
7883
9059
412
8608
5350
124
4429
531
4599
2140
2177
9902
7287
4537
8
1453
1910
6423
5409
1689
2979
4339
9017
8884
6436
7111
8616
4820
7839
4364
36
8889
1386
7937
5494
5055
7593
1477
352
4629
1118
4367
4041
5489
6280
5025
8546
2422
8678
8468
8407
7862
2805
9084
5966
8237
5807
6758
9030
8460
7456
8532
159
1600
1292
189
6195
240
5764
7531
4518
1282
8962
773
653
278
8846
2225
9338
5681
7297
3984
8006
9503
3181
7454
9684
7870
4070
3045
8328
4873
1013
8049
7046
9253
1091
9641
3525
9415
3954
8155
1775
7656
7237
8965
2359
8036
8719
1985
7550
3219
2259
5526
4882
6877
8034
8452
5212
4648
3411
2506
193
9979
8568
8172
1302
6500
4093
6576
5968
6601
1625
9146
6191
9492
1436
2926
9731
2352
6292
7626
3889
658
1322
8517
425
7407
9067
5272
1759
7571
485
3587
2855
9429
474
2401
5848
2998
8486
8175
1029
1841
3298
7522
9195
92
204
6219
4354
5080
7558
6101
775
4714
9264
3513
902
8434
4439
3131
6266
2595
1212
6682
4117
1375
3861
743
7515
8939
2872
5176
2164
819
4224
5684
5756
7674
1589
5087
5045
6469
7107
3005
6175
4013
763
5670
5531
8185
966
1560
2482
193
9349
6064
4017
8584
7338
9754
3985
4199
7008
4967
1502
5981
8764
1664
761
4794
3896
7910
731
1628
6624
103
8418
1852
6633
5487
4843
2404
8298
7548
1772
9312
2305
426
5985
989
8608
2525
3602
3279
9335
2323
9531
9171
3124
1494
5308
5395
5289
1327
685
5689
4507
1101
521
1353
6860
1708
2313
1356
5816
676
6539
6846
7656
5828
5962
2531
4393
4658
3089
5355
1439
2368
9862
4822
9604
9014
6383
6912
423
2691
1093
5412
1804
9604
8251
1320
4596
2264
4416
5730
8164
4619
2211
5874
5281
6342
127
3460
2104
4753
9373
3776
6929
4430
1222
2665
7882
7791
9940
4421
5278
302
2299
2217
8316
4795
2490
9748
3037
5975
9730
2500
2896
4389
2604
1655
1455
5477
9449
7613
8052
3061
1840
5289
5535
3737
8554
1085
4849
7949
1386
5963
9574
8544
3582
702
3174
8658
6762
4207
435
5496
1997
550
3697
8594
3790
4293
7049
7610
8032
6884
2842
5888
9257
5152
6159
2083
3841
2413
5391
4494
5196
5692
6710
4712
848
2541
2501
8409
6851
2689
2873
6798
7685
3283
5555
8385
5877
6053
6346
3837
1299
3680
693
2114
9099
1535
5616
2104
9288
3854
1749
3984
1186
7661
5507
9885
8331
9332
1057
2030
9864
1855
5510
7997
4152
281
2742
5318
1359
1120
723
4761
5055
7637
3925
193
7905
4731
9367
536
406
5424
1620
789
9498
5824
1035
3080
5512
7462
3410
2438
8749
1129
3978
7252
4526
6651
2682
5995
7738
1122
1594
4717
9168
659
7006
8277
5262
1022
5011
4856
867
7541
9230
4711
3049
5561
467
5275
3571
6904
6429
4934
8872
726
6287
5946
6317
6429
4904
1019
2052
9411
3033
5448
6388
8136
7396
573
4918
8646
8105
4669
8137
5443
6746
3583
4818
2880
6399
4009
1491
634
1303
7689
4418
6901
3266
9027
3969
299
5526
8644
5151
3686
4770
2438
3500
8961
8389
597
9707
2337
5274
6870
8021
4527
8118
8707
1348
830
5093
5433
3814
7720
503
8172
901
6003
269
5677
9376
5313
723
6643
3505
2766
5249
2586
1414
8577
1229
4720
4916
120
2826
8940
119
5422
1811
7910
6555
7568
2175
3509
4088
362
3762
8983
7258
7995
2781
5349
3576
8855
8917
4162
4021
4292
9693
6650
7105
4996
2678
5057
7006
206
7987
740
5794
2346
6572
2890
8110
6641
22
3671
9660
2862
6472
9606
2703
1677
2524
9424
7066
7391
9830
2319
9816
1146
2152
8136
5878
9410
842
2211
1120
2839
6048
2289
7115
1165
9721
3093
5279
9253
3210
7931
9942
4322
2121
9434
9396
4496
1904
9480
938
5630
4463
1108
9206
6376
7911
4257
3222
5696
6021
7096
5296
7024
8456
8761
3555
6597
2131
3458
5189
2221
8646
5725
8129
3187
281
2231
3050
7291
9980
3439
5746
2449
5017
5243
3896
6692
7418
7842
6045
7664
6346
1455
1500
5389
5308
1051
5885
703
8780
6681
6474
7339
8550
9203
2524
8624
8321
5988
8450
1820
7608
684
4348
5954
384
5723
9453
8382
3269
1827
449
4175
8179
6162
5046
9715
3174
5007
8410
1336
9321
3507
8927
9783
7464
2409
233
5754
5209
3922
5498
8579
4627
5280
6803
5547
8512
2921
2050
3975
6939
8905
7323
843
6955
2474
1454
7556
7863
8261
1106
7336
4183
8704
9103
1414
259
3792
9862
547
4083
75
4878
2461
8366
8712
7386
1766
8221
1072
6417
4399
4388
8686
422
2041
2611
320
3494
8001
9709
235
9934
8116
243
138
6711
8954
7196
759
2172
9231
6632
6884
9306
5199
3801
8999
2066
1414
542
7425
8283
9069
8103
7884
4425
7091
7277
7706
6865
3963
903
2159
9118
4783
778
2809
499
9288
8528
9654
5312
6268
3425
3454
9479
5071
6679
3940
4889
4039
5318
4074
1811
627
5014
8680
2719
7138
9709
8030
9755
9314
5374
868
1473
2687
3053
1306
254
8649
6967
6919
8995
7900
9764
5653
1889
7619
58
9361
2479
9285
9605
5700
5540
3261
7449
2104
9049
5186
8875
9133
3175
2933
7124
8468
1392
3443
3455
4021
6042
4583
9089
8556
9259
6530
3511
3430
1484
8872
5417
1056
3493
4005
7316
2824
8387
5857
9390
4760
4109
5475
422
1196
5682
4840
2206
4951
6239
8733
4689
9210
6881
5196
3185
3804
5467
651
8562
288
559
8184
7670
5737
7474
7584
5667
1325
8163
1519
6734
6081
9000
8557
9556
3592
9950
9886
7800
7188
7266
8078
8930
89
9482
9431
3332
1616
7813
6717
9117
3795
7813
6134
4775
8473
7955
668
5995
4814
1375
334
3653
1943
9511
7707
9174
3670
6076
2469
7088
4802
6636
9055
6366
2216
7051
4175
149
1252
6677
3582
3269
1834
6930
8890
251
8552
5846
3180
4966
8219
8894
2241
3044
1774
4466
1884
9991
4289
2024
3210
2520
2312
640
9014
8857
776
3198
9935
9389
9173
2504
3429
4290
6738
6062
9682
4792
9619
3504
9957
7010
7513
1865
7581
2590
8099
3406
8683
3794
9697
3414
2924
182
145
4616
7897
2853
6995
5341
677
1925
7014
3940
9790
8532
5431
8630
3857
359
8745
7588
9070
9808
5133
2569
6088
3373
744
6171
6915
7318
5285
2549
4210
6691
5831
3984
4815
908
762
61
3659
3845
881
238
9004
8873
7843
2226
8436
3514
2492
7898
6296
8253
2246
5824
9013
3944
5264
1722
9088
4231
3032
5275
142
3313
4419
8872
4492
9505
3244
7977
9877
2566
7734
6542
9266
7005
9180
1729
149
6012
4115
6874
3534
1203
2508
488
7560
1735
7848
9247
4652
5271
733
6664
8365
5189
3078
8558
4989
7825
8550
7278
480
766
7042
3223
4595
4408
4604
8749
3968
3488
6136
8731
3013
611
7847
4165
6061
4066
3638
5556
3883
9301
8991
7164
6132
9473
6617
6674
2414
5991
5923
7089
2135
9569
2685
1072
2593
4003
9834
127
6526
7240
2253
4142
1654
1596
7782
9571
4259
7403
5085
7295
6057
6107
5816
5683
366
4302
9190
2352
3123
2442
408
139
3787
4834
1912
1915
1485
3603
6509
588
3133
7235
1568
6578
9415
8237
3820
4424
1715
2111
8431
3817
4778
2215
263
2034
1021
8114
2422
4312
5928
8030
7170
7375
6595
1977
1265
8373
3707
6293
9090
6368
5519
3243
9850
3474
9845
5998
3550
3516
7122
4447
1397
6584
9068
7493
4328
2298
6587
5059
8823
613
9993
4850
4407
6301
2889
9862
8935
8286
8798
4578
4396
3147
1256
9528
2746
4867
1815
7881
3930
281
5313
42
2146
8829
2285
1036
6642
761
5070
5324
5047
7297
3589
5759
8387
2738
6037
2169
5576
909
6900
3236
6616
8374
4300
4623
4696
9993
9091
2506
5945
2345
9513
9418
6172
2905
1498
8265
8115
1427
1512
178
8743
9565
5991
5633
5376
5573
3925
1669
4438
8759
8943
7098
2866
2572
8593
1657
2207
5851
4518
1772
6318
379
6690
2124
4295
968
711
8714
4691
1868
4136
6955
3715
8192
8485
6148
1376
1814
8248
9285
40
5360
5500
9980
579
2565
4570
3624
5131
5404
2713
3742
2725
1574
4336
5962
4318
2396
9058
7219
9326
913
5152
9
6846
7606
5470
1534
8526
4943
3054
3058
7973
6682
2723
1231
7021
5165
5957
1279
9521
7902
3355
7703
3330
1654
8407
6469
2101
3625
6383
3804
9699
9630
5233
9104
2761
312
8798
6588
3367
6764
6765
6078
2765
3462
7404
6791
6123
849
8218
5133
176
4655
3446
5576
7160
1132
276
2385
9060
510
7880
7013
1270
1056
6429
561
1194
8617
2618
9591
6052
5320
4372
2260
2194
3421
4970
3983
5689
2934
8138
1345
613
8305
422
5592
6021
2493
3531
8314
8941
495
7768
4617
1435
9388
8960
4806
3087
6404
2850
9653
1123
3550
1764
298
8899
6993
4882
924
3063
3313
3578
6691
3327
9231
802
97
3608
8584
6568
2333
4477
1223
1588
831
2014
5726
9755
8331
6890
2074
2690
1273
2196
1487
1288
5122
6851
543
5005
5113
8783
4562
5728
1157
4683
8793
1504
7233
4177
6044
7064
9864
5739
2885
1172
2510
7428
9762
8324
8175
7809
8282
2949
6505
4903
1870
6460
2153
9498
6948
45
4709
850
1582
5719
8660
7076
3449
8671
9069
1336
79
3790
4041
7505
7066
4141
593
6871
4206
9592
6497
3099
6213
7569
2017
2990
7495
2532
1250
1952
7786
4026
2301
2130
8440
4764
8027
4890
4273
7661
3538
8041
4584
9714
8264
2196
9260
3237
5060
8742
8173
8610
9935
4116
7963
3656
2011
7026
2456
7010
5004
9255
2581
7158
615
8663
5336
8330
3286
1311
4015
5536
6454
6057
1355
2380
7035
1298
7771
3186
1246
273
2212
8791
7679
2358
4376
7691
7684
363
6854
3273
9739
8879
2671
1491
264
76
5600
5745
6016
4448
3315
4462
2433
828
869
5483
8307
4674
3572
7979
7594
7784
6758
9999
6378
6346
8097
3807
1283
4038
5176
3513
4918
942
6700
8203
2945
7666
7119
6863
5083
2382
4968
370
5043
6429
5117
9645
8310
3011
6591
9012
4273
6810
596
9946
2293
3021
8929
221
2630
8367
1168
4008
1581
4444
1044
8288
5928
4401
3165
9640
1061
7646
482
438
8995
902
6752
15
9625
3032
6205
9199
595
3932
5416
8376
5802
4921
300
6922
2161
709
7876
9432
569
1014
6543
8706
8131
1464
4097
7838
3566
4572
7006
201
5720
1311
6098
3279
439
5747
9716
5809
1299
9940
9715
1359
2244
4594
9292
4351
2477
1404
5161
1020
4544
9956
3920
4840
566
8215
4954
2229
5658
3851
3132
3119
4161
7751
4440
8845
4979
6389
9699
7311
4882
4183
2254
682
8426
5074
263
4947
1818
461
1186
7819
6971
441
5529
244
2325
9576
3040
3507
788
9720
8883
5289
1715
2852
1023
2809
9927
3450
7670
8700
9383
7116
2447
9050
1540
2841
6485
404
3207
9719
5257
5005
1593
38
2476
8184
2544
2416
2491
4610
2135
1392
8968
5249
1003
3715
6888
5158
203
749
4359
6235
2040
6593
9961
9402
6716
8992
2533
303
354
8497
2055
86
7012
6666
3787
300
6725
7705
3934
5588
110
6023
4663
8622
3918
5161
3689
7283
5473
9115
3805
2448
2779
1271
4058
215
3956
1265
5027
7182
638
4704
3562
2159
6371
2196
9544
3176
8752
3718
451
8542
9684
3947
8312
8317
9339
391
4843
7022
4089
857
1672
6141
5031
502
8215
6783
135
7771
5431
9536
3774
1359
6224
1426
6040
9073
4606
9463
6017
281
2619
9886
6708
5058
2847
7779
7718
9712
9118
7424
485
6058
9981
4683
6611
8054
1793
6912
6491
9017
5562
1547
8143
4920
5786
6439
9482
6033
7359
7516
5137
9178
9585
3089
3524
2509
2318
3759
2579
9178
8687
7947
2729
2705
58
3457
7333
1990
7739
3750
724
3337
1030
8976
9385
3754
6382
1438
6592
1884
2862
7230
2418
5874
9672
9273
9141
7932
4506
2672
1055
2393
2602
1246
5999
4435
9711
7055
6956
7149
5785
3354
9565
8337
1646
2491
4665
6659
4268
3812
7364
934
5422
4278
1172
9561
5900
5387
5406
7914
171
5925
591
9154
4287
2282
8695
3872
4966
7223
9035
9246
116
3518
4183
1979
9390
9459
3441
445
2187
7152
3318
7128
1475
8498
6396
2901
9742
9413
5205
189
4687
5667
3045
2413
5952
4697
2958
3652
7289
3980
3358
374
5575
482
3949
7816
9331
7403
3921
8734
8176
2987
8019
9461
8617
3800
1222
8215
362
1107
1560
7109
8080
3666
5598
2934
4920
7290
9840
7342
2516
1705
6977
3462
8581
9275
192
5359
3339
2473
9988
8843
678
8616
3820
1004
2639
9334
8630
7596
5526
3648
782
1156
7741
6772
786
6519
8822
4257
4545
2385
7992
5655
9321
6933
6016
9368
3825
9526
8362
8846
8717
2789
7527
7248
5219
1953
8906
5396
9804
5294
8231
7772
9841
2154
1423
86
4230
3907
1359
984
8908
7115
8576
4311
8920
8364
8579
8033
7213
9686
2440
4311
4282
5828
8584
3937
6496
5690
57
9251
7870
6317
428
9244
1115
5376
45
3938
6891
6133
8706
7550
7309
5230
8624
2337
5115
2185
4226
7269
2061
1493
7595
5844
8300
7758
4106
1515
1521
610
5117
2171
9864
5220
8021
2457
2707
8318
630
6530
4440
2764
1274
7392
1356
9596
590
8947
6442
7555
5995
3706
6188
5948
9148
6855
3845
827
5199
2648
7666
7772
3360
501
7622
5520
3926
5714
8189
6406
2101
173
490
4762
3027
1018
4774
3638
4392
479
2994
2717
4810
4502
3732
1219
9262
4274
4298
1900
3223
263
568
7638
1171
1835
1260
6886
7258
2892
7500
6525
757
5113
9683
8158
9740
477
5564
4192
2526
9135
762
1799
2319
7010
7767
8335
4968
3440
7099
354
4545
3737
1254
2703
8399
8911
5138
7810
9094
2190
7589
35
4926
2986
9069
5770
5398
8215
3223
7726
6896
572
1884
1960
5376
4527
4444
639
2087
991
1097
2660
2514
9902
9618
4823
5889
6679
1287
3377
4380
5954
9900
4450
1661
7400
51
1254
6985
4441
2187
324
3827
5340
2251
808
3131
4021
9594
3851
6610
9047
4442
4905
803
3096
1358
7718
5661
6939
4198
7779
7799
4995
2571
3520
5206
9539
3519
2107
9440
8367
4332
9455
3005
9216
1001
8717
3694
8253
6039
995
4310
5872
1343
551
4355
6766
4244
7109
5293
2411
9460
4129
6817
2729
8865
5484
7901
3096
6580
8836
3312
7042
7231
204
9730
3791
5041
4639
9515
2985
2115
686
3134
1831
1787
3013
6863
2087
9296
5376
2532
4503
9583
2987
5023
9768
8463
4081
3296
6365
3230
5341
6743
2665
5514
1418
766
4083
4514
6348
1544
4023
1078
5336
9547
55
8866
6180
8204
2126
6938
5539
7516
5773
3201
8975
5079
4900
2080
6613
7682
6521
5297
4365
9731
1172
5737
6272
1489
7895
7295
9441
2747
5245
8376
8549
2863
9300
450
7794
6567
8017
7589
9784
9422
9616
7783
80
9977
6580
1803
3940
4254
7230
1541
6994
7499
9501
6868
1284
7535
6869
5213
515
3056
1846
2411
4812
4364
521
2633
5905
5368
6239
771
4971
3648
8050
7997
6225
2409
9099
562
4592
7853
4317
3155
9252
9211
7326
4763
575
6125
7383
6537
5090
915
655
5369
6255
4668
8514
3269
4242
6566
8407
4401
375
5430
7840
4693
7040
1396
7641
1329
1551
4811
8710
3893
2422
2476
6349
8032
3816
7791
2660
6648
490
6063
2506
1646
1090
1834
2705
255
3063
5359
2766
6250
5829
4737
9724
9908
7493
6860
223
8816
9555
2638
5979
52
1850
2974
6082
1013
7124
5679
5687
4906
196
4027
1722
2642
6260
6854
4156
7072
4876
9720
6533
8363
4240
6025
7384
6021
880
5229
6071
4776
483
3852
3721
922
6467
672
2151
6244
4211
636
2858
2519
2654
7366
8173
8094
9002
9759
4985
5308
679
5592
5493
6293
8195
7145
4791
7947
1745
3669
3980
5448
4799
7996
4003
3610
8929
7589
3357
8768
3753
6144
93
3634
1717
6392
5572
5203
6248
5938
4208
2376
4283
9399
5118
8817
2035
3822
6108
4034
819
9768
7150
469
1918
1731
794
5681
7593
6530
9514
5464
8982
4995
5414
3948
6938
8364
5589
606
4672
4372
8058
2533
8488
5875
6846
2926
1784
4919
5922
6426
3764
4605
1420
9072
7813
1994
7407
160
9039
4904
2468
8950
8597
9358
1578
3372
5245
7118
8318
8510
5024
7736
3259
2295
3992
413
697
5299
6928
5512
8430
8324
5602
4190
2519
3265
4113
3017
6138
8331
3585
1872
9669
9606
2450
5185
3217
20
5704
6386
1462
1586
9981
5367
3634
2526
7019
6034
8315
2307
691
342
8624
3564
6254
5383
2223
2171
5561
8539
134
7986
4514
8923
4096
8210
8100
6739
4308
9612
5493
3345
1697
7507
1842
1411
4760
3778
3339
8865
8550
7894
3772
2327
4858
8864
4019
9419
9873
1635
591
7308
6494
6256
3003
8072
8889
5188
9348
4194
3924
349
8271
2853
6817
5477
9941
5003
4326
5363
1481
102
7235
4573
7035
2112
7752
6347
407
3552
4857
8485
1292
1891
7530
7568
6873
6404
6307
1655
2213
2246
1891
3701
7849
7065
4166
7144
2299
1156
6430
6533
6497
316
908
4112
7928
2358
8963
1375
3842
9744
38
5547
9336
7620
2552
2814
6707
3200
1058
2502
8732
7461
3873
2158
300
2977
7729
9899
4315
637
5645
7993
9231
3873
4898
3612
2981
7049
1384
5499
5250
5877
4904
5691
4076
9243
1420
1611
6241
2741
458
8807
5744
738
9302
1081
7486
6345
5029
165
3355
6284
6654
9036
3084
4986
9583
2652
9937
6207
1763
959
555
8222
8963
3905
79
8813
5528
4010
8042
8193
3104
8473
4306
7007
283
3999
2968
1771
5854
5066
7180
4438
7547
6589
7837
2749
6321
8144
3280
4589
3371
5981
3226
4326
5696
8031
8859
91
4455
5390
3567
5089
3120
4732
4798
4169
1827
9490
3329
1924
4728
8790
6362
5582
9333
6990
7451
946
7777
1110
2754
6679
1610
3442
7723
9790
3723
9745
755
2608
9150
2584
1141
2825
9134
6826
5804
924
8738
4274
1636
149
4808
4256
4178
5491
8275
5200
6607
8130
7223
4402
5610
7054
4828
5640
3259
7926
9935
6830
1857
6611
4284
2422
3002
2688
9141
1087
2227
3525
5767
3524
40
3298
5160
9751
6632
8966
2680
1640
4301
5932
3552
2560
3847
6509
726
7384
5853
548
9295
2409
9576
7789
4676
963
1062
4948
5175
7247
5588
708
7330
8754
3650
6214
9145
1856
2094
6672
5729
5174
9660
4590
1353
6923
5230
1160
1425
996
3125
8112
452
9417
8310
8676
2686
3692
5597
831
8999
451
5271
1881
984
2797
2218
5640
9211
4220
2147
7644
9929
9480
672
7874
8000
9264
4920
5872
9860
1260
6401
599
9796
4289
3424
5939
7707
2530
7624
6816
9852
2744
9309
4558
6947
2010
5228
5177
8401
677
9326
2339
6858
8560
2522
7724
5986
7312
1026
1261
6020
1504
7576
2712
54
9991
1548
291
8848
6840
2799
8151
1375
5890
9129
1540
5163
4769
4193
6021
4674
1158
9021
7399
5978
926
7948
9640
3083
2600
5564
9056
7684
512
735
4057
1655
2300
5893
5531
3250
9164
2488
8475
8850
580
4199
3336
6544
2190
1356
1277
9230
462
9454
8408
3401
7209
9278
4034
5851
2308
5164
2147
1094
8503
9914
1566
9222
2800
6916
8240
7579
9269
8254
5977
4459
4125
9445
6079
795
4672
2801
6911
2734
6108
2627
4445
6652
5492
4630
7033
8914
3655
507
6054
6338
6037
8404
8210
3001
9687
7459
1436
4406
7297
2442
9762
2481
97
7526
4285
8787
1901
1103
2474
806
2739
4892
6890
4551
7833
8446
3205
9745
4016
2683
1205
2482
6536
6347
2177
577
3697
9548
4057
7758
2729
7524
2096
3041
5733
1583
5732
678
6286
5723
2598
6562
6689
7803
2003
859
743
359
139
7571
7151
4459
2942
3223
1559
9975
5081
594
5498
8587
3031
659
3975
2164
3624
713
9944
1779
6598
8075
7929
1342
2299
5065
4604
3075
7027
6092
1113
5068
7436
8400
8151
9447
878
3728
4454
2263
3381
7026
9010
1978
8824
7061
8372
6694
8882
3796
345
2203
5326
7193
5901
3222
353
2779
5457
5331
3147
4094
9392
4256
4780
1853
4649
1048
1086
9265
7902
492
9902
9562
3636
2582
199
7949
2000
9101
5409
6937
3163
222
3845
9788
2498
3381
3248
1527
4226
2603
6261
3393
2715
6363
8098
6373
183
3423
1785
9710
5942
5
4199
8308
8386
1727
6541
962
8218
9637
7629
1047
8894
4933
2439
7042
6781
9446
4341
1211
5446
9830
3545
1887
4209
678
2587
6229
7770
172
2661
8423
1875
7206
4247
7225
2009
8132
5226
1385
2262
3013
5033
9375
9206
3609
5991
1835
7703
8305
8218
2812
9297
363
7091
6016
4863
1911
7130
1953
4260
4321
2503
7417
1732
3740
2674
2635
4679
6365
1351
3212
8
6713
4975
1300
803
2433
4687
1085
6245
3417
8661
4439
9969
8173
2287
7938
2034
1103
7050
7730
1152
123
6616
5245
7673
1273
9765
9935
4092
5731
9490
1158
351
362
4588
2347
2667
9107
2070
5411
8763
6765
4120
7239
9902
3069
6775
8229
2177
875
4611
5496
6634
7589
7397
8381
4697
7359
1743
8426
4697
572
7114
6789
583
8723
5753
2921
9497
7344
8075
1079
6433
1725
9424
9305
1190
9389
4905
1615
5173
9293
5022
4740
4114
9174
7202
5785
5193
5249
2701
8194
4324
3682
7720
898
4458
2939
7439
3132
1257
230
8420
8207
4131
2089
2051
5026
6346
9089
1041
1391
6922
5339
6902
3699
1801
5072
8388
8223
7001
1020
3358
291
4258
6195
5837
1404
4652
3078
351
8676
2856
906
245
8622
5255
7016
3460
8282
5674
4042
183
5317
4285
8390
2167
1425
488
8988
5880
8663
6371
6996
3481
1829
1039
7377
4447
4922
2888
1942
4040
6115
3399
3413
9459
5894
7317
1583
7774
7448
4908
1115
1393
838
1433
4329
999
9024
3650
834
2220
3999
5076
2352
9477
8761
5537
586
5789
7564
9214
3373
4963
463
2991
6314
4344
3926
4987
7132
4636
6044
4491
8509
3305
7323
9918
1388
6526
2100
2311
5533
1858
2734
644
3338
2023
8837
1574
6838
3770
1352
3244
8568
8105
4589
1123
750
7021
7164
3276
6276
5992
2701
3744
9325
2080
2829
7474
1878
3480
1356
9745
5221
5413
5506
4187
2124
6292
1969
9168
7217
8840
2330
9372
643
8642
5186
5261
2670
4828
4341
951
6030
4343
4537
2986
894
5269
4842
5962
9146
8726
1709
7609
303
7093
6614
2203
7479
5510
9465
907
9578
6481
4415
5680
8705
4372
6051
9691
9160
8525
4422
7973
7234
7058
4521
8145
2114
6562
725
3496
3108
8372
3211
1900
1235
2706
2749
8225
4251
4762
5261
7873
1520
2533
3832
4733
785
3604
7110
9984
3915
6203
7358
8573
9789
5542
8343
5562
5068
968
8364
5843
5046
4324
8706
1896
6686
8231
8202
323
7317
3096
8178
1751
800
4869
3632
1448
3981
2674
4589
3570
2762
9769
3538
1264
941
3568
3183
7319
3973
2656
9662
1498
9150
4534
7907
9780
3381
9269
8700
7944
4445
3306
7755
7516
6175
4828
3998
3689
3413
3012
6191
1661
7241
5191
8577
2601
5240
9429
690
6616
3563
83
642
6244
6833
2868
3944
9583
8887
165
7679
8346
9182
1029
2684
1427
2642
3
4572
2314
4273
2069
3695
4921
6079
6688
9157
4947
2344
7422
6343
2410
4840
5835
326
9044
3987
4367
6275
7052
1211
9228
5168
4036
4590
85
5309
9395
2783
8839
1770
9741
4999
5190
8656
2903
2416
8005
790
2479
2760
3866
2822
8565
7064
4079
2988
9359
5971
8159
623
5193
3850
2557
888
6923
6344
9748
929
1454
6664
5484
729
3122
171
8940
7101
7751
102
2081
37
5928
6590
1307
7782
3566
3167
5290
9092
5312
8667
7657
7020
3852
8613
8957
9574
4171
1095
1890
9974
6140
2136
1755
1491
9693
1022
5843
8892
1719
8207
5325
5876
452
6906
4998
9223
4819
3760
1533
4491
7944
2411
2575
5667
7611
1504
8864
7418
9405
4068
1377
4666
1131
9225
946
5410
1716
5925
5708
9976
1148
6600
421
8377
7741
1863
5686
177
5285
376
3039
206
3872
5774
6740
8154
8784
7340
7650
1580
8916
5715
2081
664
9465
8157
663
9747
4091
5823
9952
6589
5210
9689
6501
1952
6543
974
9941
2040
6355
2052
972
5721
3907
3489
3866
6794
2891
265
1134
1451
7822
1888
52
8781
9288
3905
7867
8118
7033
4620
6714
3849
4105
2188
862
8517
2030
9378
3267
1312
8287
2869
1343
6057
531
1321
1171
3778
5778
1846
5058
7085
1129
5832
6479
7772
3397
2244
826
3351
6844
7125
5979
2831
8394
5504
3279
3727
8860
6832
5415
331
4252
6128
8989
4692
2579
3358
6905
7354
5177
1391
6009
2793
9517
5820
5208
289
2559
4210
7602
2293
4158
6584
3673
2909
2189
1327
2952
1398
993
8908
9716
4067
9767
159
4185
3327
2633
77
9752
2229
4032
9291
7097
9169
3180
384
4785
3366
1205
9596
9508
7300
8953
7828
3360
7028
7670
2621
6229
4987
9846
506
1280
3474
5977
394
1727
5356
9911
5870
4712
5243
2700
2175
8365
3764
7550
6410
7593
163
4906
8435
6497
692
1753
2165
8617
869
6432
8311
2065
6193
2111
7793
4079
7511
496
2024
5465
6882
684
174
1590
3301
1849
6436
8337
3766
4556
8555
1489
9330
5632
6456
3740
65
8531
3522
9556
3670
7929
3992
7953
2981
8390
9359
5702
5362
9512
6282
6986
665
3529
9419
9215
8220
7238
8008
3223
7883
5920
6397
7816
1311
9931
3183
9239
7702
7072
4013
6186
8777
6369
3141
7205
1680
9089
3458
5021
9176
1477
4130
7729
7742
7303
631
9924
3583
6460
8250
8176
2601
1811
9101
9560
819
166
2803
3214
1928
7668
5635
171
9400
9295
2627
1099
3523
8320
9514
8458
8532
9243
6825
2393
6011
3795
5306
2022
3627
7071
6443
3939
6630
1500
266
5480
3572
4322
2826
333
7304
8612
2456
9651
7465
9414
5210
3638
5115
5535
7419
6619
316
6642
6682
4409
6923
5679
3637
4874
5151
2126
1486
1330
6437
3123
8317
9593
9575
4077
655
6296
5801
4947
7233
5264
131
7916
2762
2986
1553
1252
2480
8183
7475
9801
8651
1890
4214
6488
3808
7176
2404
9875
664
1446
1456
1330
9437
7297
894
5232
1923
4289
3187
552
4018
9796
4827
5290
8987
310
3119
8599
8393
7794
8853
7361
1012
831
7574
4463
6573
27
8439
7635
4424
6473
4760
2301
5985
86
5961
512
8248
7407
6410
7036
9591
5855
4127
251
7126
694
7651
9792
8179
1584
4216
9721
1684
2113
9913
6756
1866
2002
958
7163
1706
8902
7892
4016
486
5832
4638
519
9338
1925
7165
798
7418
7447
2283
1705
5858
1719
1042
4421
2480
497
2213
2739
9313
3368
3839
7918
2408
9423
7192
6200
4829
2313
7917
9397
6545
4286
4963
1791
468
8663
741
6485
9322
7856
6828
1526
9486
2179
2980
7720
7422
4487
5093
8522
5189
5251
6036
2276
1907
8200
3743
8198
3191
5941
4439
8675
6683
9820
8799
5399
1234
3313
6202
5472
2092
1908
7755
7163
679
8321
175
6559
3890
3384
6471
9645
5845
3761
3358
7615
8874
4506
1920
747
2956
5198
7539
3822
8013
6464
619
2760
9538
184
8985
7005
9664
9488
6699
1075
1852
1460
9010
4733
7538
7943
9982
586
6471
3241
3225
4993
5301
5118
8690
3170
3547
4652
9660
8074
984
1155
5196
7094
9445
3793
7692
5061
3727
629
3781
286
2470
7054
763
1018
5406
2372
8533
9514
9251
7549
892
5057
819
3347
5361
232
4601
6719
3087
1229
5679
1237
8078
1976
9787
6994
7029
3968
634
3328
822
9653
4148
5603
8611
2110
4621
4440
5599
4789
977
5609
1952
6849
5048
9451
135
5828
8611
5889
883
5730
8831
6751
6199
7656
3870
9576
9738
741
2234
8010
3402
2604
804
737
1303
7923
1215
9037
2712
5395
3898
4066
180
7129
9471
7045
1882
1917
6867
8880
1171
503
4419
8973
4887
6866
5792
7239
1192
6785
5138
7647
855
3205
6013
7905
8446
5855
2646
4842
8187
3539
3177
7205
409
1186
9422
2023
527
9528
5236
9825
6555
2220
8549
5471
4674
7452
2128
5091
914
905
3681
1474
5128
5312
7469
8944
6466
3984
8307
7036
3658
1272
8429
9428
2591
7751
187
567
5298
3823
4865
5672
7167
5191
691
816
4473
3052
5394
7635
4985
7943
1034
3499
8649
2000
8227
172
339
1630
6941
4734
3983
838
9339
4005
1799
4836
3999
8147
730
6705
3138
5307
3246
9645
5258
6092
2057
5577
8157
7801
4491
5691
6884
2389
1380
9889
4815
9360
9699
8276
9998
8186
5172
4171
5001
607
3097
5395
1659
4590
9567
7453
4426
8111
2192
6855
8620
2993
1592
2080
4250
9279
7685
9696
1003
2201
2337
5274
2739
700
8000
669
1275
147
520
4559
8270
6109
4932
2837
457
9934
9236
8265
1668
982
9452
4227
5708
5971
4673
3316
4546
7533
137
3439
6934
2364
6817
9858
8670
4610
2626
3866
6407
6320
6834
1479
9227
9361
3513
2723
1845
7344
7926
2712
3216
9011
4962
882
4750
700
9502
8235
3781
3577
8107
9869
2971
4573
3066
6088
7817
9106
5471
1773
3330
1335
9913
4292
8214
3157
6956
9888
6516
1872
1732
1342
8238
1802
2016
9003
4381
1683
6670
9718
4844
1756
864
5137
9383
7957
6086
7327
5890
5490
3516
1496
8943
9652
168
4883
3361
5973
2784
222
6848
303
745
8173
4293
3734
8634
4546
8253
707
175
3537
4845
7299
3108
9578
7835
6144
6487
372
3344
3806
8299
1340
4985
4346
589
4225
7800
2245
4191
3698
5808
8221
8138
6940
9280
746
851
1157
1352
5421
930
4041
725
2891
6647
4296
5362
3429
6301
6688
516
7006
6602
720
7835
7281
1723
4705
1613
4952
9137
1654
5331
7622
2516
5041
6871
8847
1307
7354
3574
3192
738
8338
1597
2937
9101
2327
5194
4650
6182
8065
2487
2740
3810
6586
3433
435
1548
5751
7007
2146
6284
1658
1333
6395
6417
7792
5522
6969
5824
251
8311
1287
7787
9609
3518
2080
4466
2405
7044
3417
3892
3407
2754
1514
2763
7825
3245
1796
2198
5764
9596
5002
6762
3678
8952
4695
6777
5078
3468
3388
7793
2652
8026
8486
7921
663
2262
4414
1864
2442
6222
9279
613
3042
8115
8376
6518
1782
2539
3067
1718
2787
3288
6807
5440
4004
2906
6316
1004
1972
1747
7130
6056
3782
5900
9783
8995
7127
5912
5363
1474
7835
5762
1119
6125
618
9574
4383
7894
5350
5252
9968
1927
6669
4688
8835
1170
4350
4416
7026
6814
9593
6148
4690
3679
5794
9793
1474
8852
4369
8738
3718
4308
7991
4778
9525
5974
332
9985
695
7259
5520
9432
1414
9337
4554
2379
6266
7254
9165
8158
9281
3535
3429
7686
5853
5743
602
9079
1900
8177
6227
3208
7247
327
8469
5912
6623
7513
8897
2831
5990
5306
9867
5461
3783
2566
8350
6067
275
562
1064
5070
2679
3957
6078
656
6521
4023
9998
9685
5391
4120
3711
158
6394
9571
7002
6217
6370
2390
9847
4937
8175
5947
6225
5460
118
5000
3055
6270
3146
6352
6296
5401
3634
6379
7510
1067
9967
4739
4621
9230
9003
2419
8292
43
9422
2313
1810
1596
2918
4568
5097
3729
4800
1736
7005
2135
3057
5811
2350
6138
4527
2073
8611
2743
3503
8644
1459
6926
5772
3856
6653
9513
1857
1071
2078
9940
9258
3550
6306
6048
6269
5261
1232
9076
5169
1845
1553
3343
1200
3660
543
3904
1905
2697
1833
7761
7614
7746
2155
8963
1421
3970
4616
3982
6357
4250
9815
2683
8051
6277
7841
4526
3604
5918
7803
3995
6112
1256
6263
5839
3552
5806
637
2786
738
7246
5779
4127
5705
9801
6059
2004
4649
8140
5253
8632
6822
1942
9295
9631
35
696
8477
8273
6254
1734
4143
2848
4657
1720
9195
1584
3519
4311
1983
4055
7109
2956
4193
3807
5692
9292
6283
7518
5486
7410
8257
1399
9877
3467
3119
9109
3413
962
8731
4998
6060
984
2873
9606
3730
6273
8933
9621
2670
3179
8325
1020
1862
771
677
9106
7146
2013
8799
7404
1838
9817
5778
9977
8604
2847
512
9010
7549
9076
9364
3225
5971
6405
7644
6585
7720
7755
6959
8942
3523
4629
5396
3201
3136
8799
6797
5521
8584
5555
6691
2540
5991
534
9728
4571
392
8986
8446
2807
4534
91
4194
9422
51
8729
2253
7433
4214
5843
5666
8719
8649
4069
7354
5425
349
7808
9627
5593
6091
3253
7672
4199
8460
3566
9164
6425
3128
2298
8835
4158
1553
1105
5786
4131
9729
6942
3134
2581
4045
5920
8127
8561
783
7569
3514
6612
8913
5117
9877
8885
6125
8465
6087
3949
2197
8035
3716
9759
5990
2347
8865
1155
4724
2092
2190
6107
3933
7141
5812
8934
3253
3956
130
405
441
4722
7043
6450
42
6289
249
4871
4633
6809
8004
5628
1500
4500
8695
8280
5228
2746
6679
9997
7340
2920
849
888
4814
6963
4535
9542
8075
2958
7120
6227
4655
2964
8073
5267
1141
2710
1912
9510
2777
5276
8415
973
8567
1697
4115
5439
7266
7064
9104
5657
2526
7569
5373
3238
8324
5890
9485
7601
3195
6828
3646
2677
2399
7453
6917
8223
9314
8660
2138
9380
9942
6208
3589
5429
1385
6220
8307
9027
2425
5163
4777
606
8878
1867
584
5952
2178
2353
4892
6064
4623
7969
3202
9757
7774
1317
6239
633
5661
1956
7155
2288
5827
3316
5057
4788
2714
7610
7597
6938
2668
9299
8313
8426
5237
4733
7077
6476
5517
3921
2986
3946
4089
4254
7062
2962
6841
4593
8444
5880
1760
8832
2971
8048
3773
5329
6882
3296
9500
6519
9482
6160
3428
5464
2247
1626
618
2197
9730
106
7363
1294
3939
7538
6450
8811
6580
2245
7622
6373
6915
2580
597
6177
8798
6063
1067
9771
3234
1493
9422
2746
417
6893
4885
9611
7085
3317
9916
8397
7582
3816
4890
2555
5691
6378
8959
865
3668
7211
4006
2748
4810
2117
9565
4202
7849
736
9868
2860
7833
8078
5484
1613
669
5511
6324
1016
1765
9609
5231
8299
7799
7728
7654
3504
9025
5311
8347
7772
3543
6780
7254
4231
9835
7373
3091
4682
4946
370
2359
3370
664
2485
9423
5273
4411
1193
2135
2976
415
7794
7965
4543
8309
5919
4637
3216
505
1058
3840
6317
4410
1626
4105
7501
4661
1587
1247
5639
4801
9004
8528
9578
761
9597
8822
3403
4909
2122
1872
3957
9331
8622
5907
1434
7134
52
6587
814
490
8762
4501
222
5072
8843
1847
6809
3253
775
7841
3566
3806
1270
5454
785
2562
4738
5944
9975
9363
2083
7501
8078
4030
9098
5919
7180
8699
688
4588
5589
534
6658
6223
7489
7513
4467
8987
2381
7027
7432
8740
6908
107
562
4714
1808
4064
5805
1283
129
8213
3500
1894
1799
4502
1049
7346
1736
7220
3106
1425
3057
4680
6754
2130
9882
3276
8011
17
7892
3583
5694
1417
1462
8071
8693
7115
3084
6196
6644
9461
9725
4153
3756
3104
1227
8454
4562
2178
6346
859
3929
4719
604
7316
6841
8965
1764
847
5890
359
8951
2262
895
9998
2426
250
6178
9740
6993
2667
265
3461
6903
31
8907
3278
5787
2562
8656
7811
9288
2244
7179
1435
4341
8118
4971
5828
2863
7510
5242
6054
7394
6678
8287
751
229
9605
4793
7678
4141
3910
7779
4296
8158
603
2682
8258
5138
7287
7442
7903
1070
8511
1918
1696
5741
4197
2134
6714
7747
4349
8801
9267
7204
6578
956
9203
6230
2228
7421
9015
9225
425
4055
3200
3440
1672
5726
4511
7917
5904
5403
4035
1116
5551
7217
5947
479
7250
2366
9164
4336
3171
6956
4415
887
1743
7491
5062
6619
8309
6605
4927
5338
2269
6877
7557
7844
3927
509
623
4286
7734
1900
7063
7140
6379
5343
3664
5737
2504
6658
3987
8050
6412
5825
6904
3181
5873
706
6037
8159
3770
8696
1762
1153
3783
4033
1473
5146
98
5047
2049
3189
1101
1604
4090
6940
7899
6808
1983
4105
4859
8014
6038
2551
6350
1512
1516
5264
4849
8672
819
4998
2910
1793
6469
4606
2154
6825
8510
3213
9423
2898
5667
7904
1842
492
707
388
2129
3548
6679
5197
2950
2312
6821
4503
9179
3558
7174
1353
2807
164
3977
2046
8562
9447
1570
5337
3205
8302
7788
588
5012
2940
8776
399
9070
2444
3036
4763
8933
5594
3243
1732
9371
5831
6103
8419
8561
2271
4853
6220
6529
7483
7110
5096
8590
6020
4605
561
8692
6021
8292
1569
8033
6418
9000
4262
2148
3280
9891
2060
5952
2072
5774
6649
4423
795
678
9314
187
8805
7280
1396
8296
6680
5783
8917
933
9563
6829
4643
4276
5917
5013
3935
6863
1819
7216
403
5183
9030
6065
9262
4108
2779
4494
5812
8031
837
6739
4507
7386
1539
7753
909
2406
8430
1642
1287
6983
1350
8023
7538
6787
3422
8816
7844
7807
2474
3686
1510
6317
6605
6785
8621
5730
520
832
8359
8632
2457
2504
3686
6950
8955
6543
1400
347
7103
9579
4789
4981
1184
2587
8566
4959
3875
4885
8766
5563
4340
6112
9045
7074
9780
1350
6650
1282
8289
3078
564
6212
4115
7318
9925
4522
385
8750
8245
4126
768
5376
3988
7683
336
2616
5875
57
5957
6301
305
2430
7285
3087
7647
2200
4012
9689
8042
3206
2492
1464
9188
3447
6107
5518
5531
3293
2449
8913
8293
1267
5308
4577
2359
9131
7630
9655
894
3744
3248
7563
27
2385
4611
4688
9025
4200
1449
581
6149
6217
4295
4262
4730
2268
1102
8882
4417
5639
8196
578
4180
7118
9153
4421
9605
6975
5434
1824
190
4328
4395
3122
4171
2226
9801
8431
8605
684
3433
9533
1703
1467
5728
6603
2937
4413
1885
8458
6491
9572
5867
5757
5464
2556
1120
2146
8339
2668
2877
3948
5699
5339
7680
9451
9201
9391
1598
6440
6846
3990
8484
3453
7838
3943
5928
1819
600
2340
4548
9652
4454
58
7867
969
3320
5644
240
1522
9152
7408
8309
5294
3056
285
8199
914
6614
7722
8362
2396
4343
4681
5979
8650
6649
1636
76
9765
2102
8859
6811
111
6954
9191
3791
9957
8640
7855
8039
8902
6014
1939
8878
2871
425
2601
1402
9701
5472
3942
683
3335
1931
1837
5046
2072
4913
5412
1539
9099
6777
5956
9692
1731
7402
4081
1236
8436
1502
6408
7229
7299
9187
2261
2093
3541
709
66
9264
6193
775
6874
7919
7200
5684
4830
3468
5542
9283
4194
5538
6217
2205
9804
617
2660
5581
1216
4073
7689
7
8022
7261
5295
5285
160
3204
4877
6947
9892
5308
2122
3484
1839
3753
3301
8462
9380
6516
532
8623
3980
8979
1425
1947
9974
871
7611
5433
4844
1836
4800
9285
3493
1381
5305
1838
5155
640
6106
2776
2470
9287
7808
5117
2326
7561
2233
7899
9897
9544
7140
3753
8881
695
8609
8748
3911
187
8451
1079
5791
4620
5625
5628
1782
4380
3662
1925
8164
9227
4995
7290
9958
7500
7472
2913
4241
5533
7908
5174
1293
1366
7673
5697
7677
1785
996
3230
6765
9470
7461
9083
8130
128
9800
1834
9476
2576
3503
8091
9402
2642
5735
1484
6897
6957
6789
4780
9239
7126
2612
414
5388
6887
6831
3222
4840
6728
8036
3647
2767
9395
5065
950
8157
4318
5086
9350
1316
4434
5348
7959
8667
3355
6813
556
3338
3944
1120
9131
5174
2370
8344
9214
3376
5033
7064
7928
3437
456
2577
6919
103
5646
8599
243
3859
3177
9051
4188
7849
8286
8160
5125
6358
8480
8279
3322
8279
1291
6129
7241
5893
1328
2729
9446
4951
8067
687
2763
193
7765
5495
3581
5129
9612
3354
7151
2815
4221
7153
1322
8405
4159
5223
1009
8845
930
7040
9908
3671
2778
9319
2765
7527
9528
528
2850
9549
5932
9613
9170
8645
2709
823
7187
9303
9446
1748
7278
1267
6474
6677
184
762
6082
3410
3337
9032
3266
9860
3259
8696
1798
967
1727
7410
5764
4924
2541
5221
7049
8845
381
9923
2294
5555
5369
3466
2835
2838
6629
1165
2376
3260
7447
5460
8858
647
3290
8689
7040
9410
4246
9714
3518
8827
9431
9747
2831
1012
6467
3236
7601
3214
4486
1572
683
1679
6378
1619
6279
9001
6610
7557
1591
8437
8336
9396
876
6144
3663
2170
5206
2926
9271
6218
4886
4997
7280
9183
3333
4650
7357
3663
2144
9945
2592
1338
7926
5010
5187
8004
6313
4786
2697
698
4422
4026
2147
2135
9102
7988
3894
46
8377
2481
4435
3776
5439
6793
3005
8934
5999
6303
5144
2154
3741
4820
8546
9906
149
8858
4455
3808
6658
1324
9219
463
9268
7318
9678
1483
467
9443
8009
4583
7660
3032
4914
4020
2694
6137
9960
9464
9562
604
3525
2199
9909
414
6959
907
9707
9621
6667
4862
6200
8723
6279
9478
2401
9587
1348
616
3375
3926
1249
5385
2997
5167
850
9893
879
3919
3179
4612
2812
5935
1751
53
1529
6277
8280
5274
8375
6996
5040
4891
5558
1591
3822
602
1901
1460
7183
6839
1797
7026
677
8306
8256
1486
1561
5922
8090
1897
4979
4795
122
6669
1974
6294
4650
4130
2995
5298
1550
5268
105
5239
5052
3819
1242
8572
11
9209
5673
3855
1333
9903
1393
3242
1045
3924
2686
908
6467
9351
6523
1320
2660
359
3646
3766
8065
4651
2464
6802
5118
2982
2974
1375
979
6906
1409
2631
2644
3282
262
7499
8434
6992
3
4346
554
3556
7781
5277
7449
9462
4097
1649
5859
2654
7817
2297
5207
7286
9773
2575
7426
8898
1053
9492
5034
1682
5813
1488
388
8932
6753
6429
1650
5758
8146
4372
1908
2640
4452
1600
8167
9179
5906
4892
62
3998
5522
5532
1685
2620
9499
991
4480
1695
4581
679
2311
1902
6212
4064
3138
7600
4767
6164
4776
5706
6093
6010
5198
7173
4959
158
4815
2839
627
6440
1729
2805
5782
7909
5265
7447
5084
2255
4531
92
1222
5614
3626
6419
8965
3057
1933
5472
1377
5654
6550
9578
7266
9034
649
2566
1174
1840
9246
4473
9620
1080
7963
9949
4902
9207
8352
1331
5412
7327
9640
6412
4210
5567
9911
687
5649
7601
7522
6580
8615
1123
5628
7545
8298
2276
4461
4553
9653
9814
8446
6399
9045
7848
2362
9038
9538
359
7753
810
4993
7688
6547
4949
9959
3334
3134
9129
3903
4634
8511
8129
357
5851
652
7421
5665
1534
5314
8061
6256
5298
7916
2077
9368
1981
3900
6712
399
2941
8857
6598
734
7004
5986
9000
1587
8280
6025
8179
8603
489
6230
2678
1978
2792
6714
1581
6051
1220
5570
94
7367
7763
2645
5611
838
3676
3007
1255
4274
8094
8026
8098
6380
7524
14
4469
9019
1304
9353
287
4414
5727
3051
5792
1167
8222
8623
4968
2251
7714
9800
9607
5803
5544
4053
5480
4117
6536
3513
4914
4221
6021
2232
614
9793
830
8395
4303
4946
4991
5775
46
1819
9642
7452
6375
8438
6192
7323
9311
8632
9793
2621
4907
4617
9280
1231
4635
6085
9222
7372
3927
6134
3970
9965
3300
3087
7313
7567
70
4149
7299
6580
5272
6566
7771
1799
1619
6083
8397
6203
1792
3937
6485
3119
7050
4648
5890
3252
7041
6336
5877
9004
3553
7238
5761
7572
2456
2357
8979
7641
138
6342
650
3034
2692
806
4401
7816
5480
2627
3745
2506
4749
5549
3721
672
436
8530
102
7747
1372
5707
6318
7306
9437
8834
8652
2222
8511
9087
6120
6153
4421
1005
203
9497
841
2057
637
6015
5620
3885
6177
5364
1401
9013
6214
2184
5833
6672
2199
6418
8077
2377
2602
5022
1881
9025
8732
6983
6484
7187
2517
872
981
6957
333
8554
8922
5975
7021
8419
4895
6076
8452
1143
1867
6862
1490
5048
5626
7245
9362
5755
9529
3157
8226
3028
6395
2644
715
2319
7870
5581
1820
5804
802
5745
3199
2301
1951
3409
7387
9698
7525
9299
5225
894
5657
862
6893
4795
4538
3880
433
8722
4935
801
9720
9027
9147
6065
415
9772
3624
3006
7845
6463
1010
172
7294
6538
4841
5912
6294
7947
5859
6006
1307
7290
9375
8085
3016
653
4909
33
1700
2563
3564
613
7578
7110
4402
7464
7022
4295
5467
427
1240
9691
5008
5561
622
3962
275
9385
6834
2644
5935
6552
9059
4927
1191
4689
4536
5332
2476
6299
5067
3852
4347
9148
3444
8981
9766
1172
6543
8824
7592
3528
5429
5800
8759
4301
6633
4856
2534
2359
5706
7122
4406
1310
1397
1860
2145
1263
4898
2501
9876
8022
3234
8463
5988
4870
8830
7839
4856
1594
5355
3747
5994
993
8693
5214
1740
6165
894
9220
7653
8827
9982
6028
9452
2960
1712
2221
9520
5511
8152
3488
2928
8726
4794
9361
8055
9928
248
9401
8772
4981
4500
6103
4019
5221
2021
5476
2086
83
2516
5284
7530
3989
7921
2837
8290
839
5434
3385
8188
7301
2129
7695
7846
4952
7900
8856
1948
5020
7362
7037
4752
7508
7602
3082
5486
1927
1151
4695
6943
6902
5747
4900
6387
1312
959
9228
407
1387
9777
5730
2991
6492
8295
8688
7033
9935
8773
1756
7533
6890
6101
2465
3138
6593
6396
3568
5648
5086
1131
3260
2629
9676
9822
7700
6643
2517
2031
9678
3175
1349
2099
5624
2041
2053
1788
7438
2380
6314
8149
2996
625
1696
5799
7294
654
5331
5897
3623
5655
2429
4058
3669
4822
900
5698
4894
4630
4941
9127
3593
6048
979
1047
6451
2298
8074
8191
3904
8209
3996
474
9254
6742
6509
3469
8288
3569
979
6307
3222
9226
6100
794
9774
1016
4728
3725
7400
1081
3326
622
2111
7594
1295
5447
3134
4131
2057
5561
6391
3468
2852
7180
8651
609
8037
9640
499
3395
9530
2785
5414
4663
5769
3759
2354
8619
8622
1432
3884
3900
1410
1882
5245
9716
3879
7931
2722
3859
90
9875
6970
9009
6434
6820
5032
4651
7592
923
1219
7018
3288
2497
7296
9165
2574
6737
6793
2518
6560
4215
9306
9350
9539
212
4032
2174
3143
6643
8742
9708
29
3490
1914
6502
8573
9198
7239
8899
7948
5380
2989
9022
5009
1113
9959
678
4442
995
5157
505
1619
3061
1305
3043
3056
868
8893
5530
419
1225
4575
7569
7299
6107
9473
2337
3514
900
5130
3392
8372
9046
6224
9810
3482
3736
3686
9928
9448
7977
4533
3426
91
9710
3944
9730
7107
9265
3170
960
2989
4640
3989
7621
7730
905
4036
2840
1569
1774
9406
396
8691
9995
4727
6668
1886
7378
2104
4115
6425
5469
5726
5281
7275
1067
3370
5377
4497
5087
5568
9560
8891
3443
49
4389
3138
5357
9832
5261
5083
8021
7740
9673
5969
4830
151
6232
5054
2489
2356
6076
3754
80
4885
7790
9323
2620
570
3978
2067
4343
9834
3855
5293
189
8016
4679
389
6185
3617
182
7126
8197
9606
6954
669
8832
4872
2611
1780
213
2000
3210
3524
4151
3208
9971
347
5355
7711
2614
7316
5485
284
726
4852
1620
1107
4567
4834
6662
4179
1662
5957
2279
6432
1430
619
878
9941
4517
5199
7398
9843
3043
9589
6597
1865
3249
9213
6440
1997
355
9794
9312
1209
2411
3816
7626
9908
7645
6841
1889
1337
7700
7639
937
161
8097
8029
8094
103
1903
9100
6362
1413
6817
3992
1921
5345
2351
2943
3105
4651
7816
1666
6337
3011
9513
4244
287
409
7897
5247
1608
6890
6841
7880
8596
7727
8417
4585
1871
6536
1258
4710
422
8213
1551
7742
3508
5547
9285
4308
8001
3178
6915
7778
9520
4497
9872
2767
6795
2802
3936
5791
7798
5002
5516
1590
6328
2980
7430
4193
5708
6489
3216
794
9222
5251
6988
6079
2981
4492
6526
8811
891
4772
3423
4429
7353
4604
2389
2867
2410
118
6769
8209
4045
6943
8847
535
7627
7537
4835
4377
3934
8743
4294
6991
4302
6862
4405
2460
3157
9560
8294
271
6108
2877
6563
5980
598
4051
3975
6231
2938
4823
6850
5457
3205
7042
5607
4878
1338
1580
2185
8356
8226
208
6183
7492
3615
7386
2484
9263
9967
5408
2506
1530
3999
2853
9992
6738
630
5436
5781
5506
2993
4391
1495
8109
5928
8243
3935
8125
252
9552
6129
2459
8128
175
8667
5568
8349
4712
4347
8786
3271
1298
9654
7359
9745
2705
8107
6321
5348
9915
3314
9735
5037
5801
7331
389
3010
1325
3675
2478
5295
3834
3509
4883
927
2811
3628
1575
7922
5470
7677
371
614
4830
8648
6008
4623
255
7238
4532
598
5461
7645
1701
3105
6963
5080
7635
3165
2696
3978
630
4211
1870
276
60
6705
6047
1966
6627
2650
2460
384
9754
139
1825
6823
3489
5779
7914
6425
8671
1182
4384
5827
7991
188
770
4085
1886
9976
8496
3324
4145
7840
8643
5806
8615
2664
6781
4250
7125
4403
1110
4905
4013
3665
6867
9206
4795
9125
8660
5496
8245
192
9855
5185
1404
7830
6350
4796
7178
6733
6009
5699
6971
136
9963
513
3782
1839
6301
3217
1533
9659
3784
8341
2280
6196
9981
4954
8354
2966
702
3425
3553
3014
7159
3005
7890
9756
3209
2849
7463
5864
744
92
4698
6508
621
2176
6027
9510
9200
5863
7255
7032
6944
8946
5192
5337
2529
4184
7085
4844
6479
8822
924
8077
4260
2563
1346
6528
2554
3303
3492
146
3093
8021
1617
8302
8678
5767
3180
9291
8463
4114
8506
8436
7918
5677
9927
523
1156
7680
9220
858
1773
2666
6999
3338
9909
5539
7428
9740
8508
6498
2141
8520
9776
7559
4434
6831
7580
9062
8562
2651
7212
4319
8256
260
503
372
2500
990
1023
4091
1923
8854
4462
9228
8640
2325
2007
462
1600
211
3211
1135
6373
5825
2387
9401
7395
5098
9153
8295
9564
8753
83
1129
2532
4133
6546
7331
7315
3462
9790
1414
6078
3667
7725
1474
1993
2647
8886
1417
3473
839
5370
7348
4822
1474
9376
2611
6812
6
6920
4896
4075
5738
9275
8243
936
8899
1411
3670
6436
8065
4415
1976
5926
7562
1880
8209
6044
1052
4825
238
6410
9876
2869
5426
9949
3117
8963
8764
2884
3119
2658
7752
9956
9437
4317
8973
2987
522
9912
363
3982
7275
3614
70
4395
7481
5474
649
9005
4070
7625
5506
4998
3397
2510
4600
3229
5682
656
8286
9347
6710
4815
4619
7759
8714
2991
6174
7394
114
4995
8343
6953
6416
7969
6242
122
4918
5681
2652
8261
2958
3838
8768
1017
4016
1953
107
7400
5974
176
1029
6950
83
694
8343
8889
1844
6095
9090
1688
7841
6499
3039
1918
7304
7743
7273
3043
9737
5114
2159
3836
9344
6874
676
912
3775
5024
8765
9332
4387
6680
3193
7668
3382
8633
5119
4456
7419
3161
5677
9110
7267
5716
1729
6815
8596
1176
2499
6990
2473
8709
8042
7606
7245
6710
2766
2479
2862
4844
7669
5243
3942
7523
6771
3291
6551
2253
9027
1613
2975
3418
8605
7566
5055
1640
5556
1594
7160
3589
388
8713
1371
6362
9543
2330
5916
4922
9066
1265
9913
5767
1400
835
4265
6694
289
802
5669
2136
9736
3207
2865
9556
8985
6497
5004
1328
51
1991
9413
9203
8491
6460
3295
9495
7724
4053
2098
3411
9865
4632
5737
9820
4637
1638
7100
686
579
1274
656
3484
7838
6182
4550
3048
7359
4613
7457
8015
8002
7139
7640
4961
3702
28
4518
2265
1325
2607
5347
2306
8114
527
4238
7026
2167
5137
3644
6946
5171
9475
7636
2570
6451
4842
2866
8160
6459
217
188
5288
3923
9418
2171
3765
3654
4066
337
7402
8280
2433
7006
4338
6067
4950
7820
6146
7753
6536
2591
939
3547
3507
1013
8117
8390
8282
6653
6137
9519
3080
7398
2784
4642
6123
1980
4397
8806
5717
2637
5478
7980
2423
2883
6256
9627
5956
1510
162
5780
0
8858
9803
4250
201
4408
1337
3569
143
4776
384
4111
5910
1107
5208
8351
9658
2551
9756
4161
3058
847
2757
3418
7396
9344
8652
2647
3526
3811
8531
2208
7642
3094
7044
4487
4582
3184
3411
5069
2924
6496
1544
6161
1034
194
8972
6203
7059
4313
3164
8940
4117
3780
7338
8089
2997
9253
2258
7633
4717
6648
8755
3856
2718
2840
1854
4655
115
2726
5996
77
9476
2691
9499
556
2500
4750
7988
1615
6403
3246
9290
1723
6772
5719
7570
9423
2045
2586
2976
6506
4974
6601
8465
2345
6428
3068
7768
2497
75
3528
3945
3082
1332
6184
2536
5926
1526
9765
6849
9736
7286
6722
3109
3321
7178
4118
6963
7843
4031
92
9767
994
6651
1845
8329
4085
5294
2458
6371
7115
6823
318
4311
3596
4288
9793
9431
6431
197
7497
6451
7065
6886
5767
9470
1847
521
8069
1588
9265
4533
7206
837
6404
5797
9446
9549
8954
9545
2164
6000
8416
4410
4114
9324
1257
1232
8455
8177
476
645
2092
2099
8111
6947
1030
7860
7032
3397
4446
4046
6537
3153
1741
6439
5388
6466
2153
9245
7799
5644
1159
9533
4013
7767
8786
6303
3566
6499
249
8435
7249
9475
2674
4293
7777
2784
6488
6202
7956
6601
7856
9438
4749
8199
2126
7993
6135
6757
7457
7773
1552
4395
6059
877
943
2618
3524
2282
5985
2827
317
6903
2454
6421
5100
5511
440
8390
7578
1429
2245
8843
4199
8725
2775
7188
1744
5162
176
589
2203
2238
9914
68
3976
697
2087
8383
4327
7460
3146
2727
6197
9649
6038
5297
380
4899
9638
3451
669
8882
2697
259
8786
7883
2243
266
1058
4914
4570
1859
2465
8813
138
303
267
5897
7210
8337
4357
4224
6859
6376
5947
9416
5593
7883
4147
8311
7751
7436
4221
7104
6460
1459
3539
7149
5934
7033
1498
1435
2320
5110
5502
1533
8680
8055
6673
2787
8393
5654
4553
9834
6791
2148
7603
4356
9098
4700
2350
9703
3284
2315
626
7503
101
7096
7617
2502
4151
9656
2167
1115
6174
3841
3652
6830
2775
3768
629
6827
136
9
673
2477
9924
294
5861
3020
9711
2157
8305
5378
1601
7408
6238
1124
8253
3548
1410
4715
9040
2762
8094
6180
3205
9346
160
9649
8830
4719
9331
8099
6121
3658
6372
6358
1694
4728
3665
6993
1492
944
2663
1734
9700
379
5726
8652
4292
1845
5211
7691
2875
7477
1636
8117
4429
9540
8817
2965
4218
2850
2816
2209
598
1756
6129
2761
2778
8949
1533
7229
3455
6316
8053
6333
2150
3350
3016
8400
185
7715
3266
411
8026
6622
4641
3855
6852
2176
1746
2270
4538
4019
3887
7448
7228
2473
2511
2143
5562
5393
3644
2751
3598
4436
219
40
6535
1945
7821
5585
4850
1469
7910
4489
4981
8270
9168
6890
6911
7846
1625
8922
971
6828
8404
2359
7677
2661
329
9814
3867
3280
9039
3164
2812
5952
3134
500
36
4008
9557
4160
7160
7056
919
882
1569
7320
1046
9565
6057
7666
1598
6024
949
942
2034
8264
6249
3575
4582
381
5157
6815
4932
3193
1836
9196
9538
2317
1327
5331
5219
720
5365
1059
4396
3157
8756
5425
6286
6146
3713
3499
5051
4344
7583
2244
4884
7202
5315
1732
7123
1938
4041
7961
7751
2333
9017
6089
4221
3598
6122
3035
8440
830
6982
4763
4056
4070
9721
8104
9617
3194
5024
692
2377
9431
4396
9767
3019
2186
6143
2537
5970
7364
3030
9489
6977
7958
9456
6671
8987
4319
2887
3
3712
6201
9360
4929
3962
5006
9717
9144
5786
691
2113
4110
5891
3656
5561
8670
914
3129
1946
8328
5101
2397
7530
8886
4706
7332
6224
1261
1155
4505
6907
3475
5456
7679
1940
705
417
7122
152
5536
5247
8019
5332
8081
5026
271
668
106
4077
2328
5506
7414
3600
2548
7005
8428
4550
1482
6052
8464
3422
253
5262
2372
9480
4803
4282
4281
4043
3708
9317
4117
6945
3392
2218
2765
3957
3534
9331
701
1828
702
5622
1255
7200
9129
9628
2037
4808
8403
2147
5810
9288
2242
8682
9207
4086
2328
5580
6877
1689
3344
8209
8424
7355
6299
8820
6033
2783
52
7883
1212
8632
515
5482
3240
637
2823
5159
437
8072
4508
640
5341
5020
6826
4646
9155
165
6974
4211
1233
1427
6351
5371
1169
6039
5519
150
1572
6254
6986
9510
5451
4386
9922
2191
8196
2811
9254
2945
1708
5729
627
4043
6496
3089
8758
8066
4587
5286
5784
6522
6976
8719
445
8686
6333
714
3720
2766
6312
4230
6880
5727
3523
7265
1070
7483
2060
3277
1713
3962
7054
2027
3149
4184
4354
6577
1622
5426
4462
1014
9995
3839
6620
9781
2715
5108
3868
2120
2803
2908
955
5356
606
3412
5349
1600
1794
715
5673
3372
5644
3042
2176
3206
8286
1615
5597
181
2075
182
3969
8598
9533
6458
8434
6075
4212
3815
4883
1854
3641
5045
7438
8055
8994
6958
9481
5406
5476
7385
516
4456
9834
4824
1359
5361
7350
2071
3341
6663
6784
3761
8702
4247
148
2246
6599
3941
7063
984
9969
8283
3843
4713
3281
2418
222
824
1363
1502
6024
5962
1419
6358
1056
5271
2111
7338
8236
8463
7400
9782
5241
8376
5518
5284
6715
6868
5666
7510
4511
4564
8274
8082
4607
4447
898
6355
8534
6151
226
1613
7684
9922
9023
5335
1521
8719
6906
1041
2713
7882
8007
7751
6953
6698
835
2070
4836
9136
9877
7539
49
405
778
4450
7831
8807
8391
7587
3123
7517
2614
4861
2775
1391
606
7660
6986
2109
2155
1669
3728
7429
9264
7502
4839
957
1615
4216
5266
2530
9638
1863
2496
476
9212
5564
6199
9808
4268
6278
1505
6916
9212
205
7672
9193
9274
5022
9567
7034
5403
3184
7859
1576
8579
3149
6564
585
5564
3730
6689
8033
6308
6494
7300
5365
5231
6496
6182
4105
2197
1212
9201
768
9026
1800
8363
5575
4025
4920
5871
8879
2514
50
9734
5535
2617
6211
654
6580
4347
1037
4507
5866
6882
7515
7151
7464
2449
4626
5242
3651
8672
7365
2700
3710
7860
3581
380
7127
167
5188
7053
6388
1821
8536
7282
8171
3001
3431
8678
9549
5847
5487
8882
1122
7792
5522
4178
2492
6160
816
5208
2550
4964
9458
7141
4688
8663
5661
1285
2192
6102
9691
9280
3725
7598
6247
3377
5487
3991
660
2645
5200
7027
2123
2807
221
535
3364
2536
8109
1670
9442
5296
374
2496
3757
2590
63
5450
4408
8612
9350
3538
1526
5354
5264
4702
531
7575
9428
6022
5239
2212
7519
4333
8157
6483
8519
7381
3206
155
8732
5759
9699
2234
4613
2316
7746
8072
7527
2534
6812
9677
4739
1602
3363
4102
4078
4837
2211
8325
275
5717
9656
9014
8840
8533
4755
2828
6157
1292
3525
7544
5396
252
6115
175
3843
469
7016
9539
7933
2591
4896
686
5057
595
2712
744
3907
7587
7728
9040
2316
1883
6112
3121
9371
6932
4588
2959
4689
9823
3166
9797
4339
1452
1613
3866
136
348
8707
4627
6242
4972
1783
4531
5398
3540
2803
3383
8069
6218
6763
6432
9182
5339
6450
6803
7175
7368
3506
1653
1357
438
5454
2768
345
4422
9385
7248
8111
8057
6867
9792
8263
6491
3159
6659
5153
4535
9817
9251
4174
719
7419
9999
3847
7327
4899
1911
4481
7776
5222
9028
5791
498
1159
4668
5818
3588
1806
1102
9705
2084
9804
6145
9917
2964
4736
4152
1170
2002
4460
8090
1530
4419
594
1750
7851
6698
4990
7693
8364
9327
2763
2674
5159
4366
7170
1366
2751
5790
5016
9737
3266
7139
8951
7060
7208
2405
6549
6684
7889
3128
9917
6908
1596
5504
3081
4801
416
5131
5677
2941
2546
8834
7943
2740
7462
2957
7425
8384
4574
7008
7273
4460
4669
7116
579
2012
424
8983
6852
3975
5872
7809
6664
9036
3972
5780
8312
9234
7091
5181
3157
8283
2116
7171
6413
9956
8333
2623
5310
495
7468
5539
2444
8329
7258
5836
7403
8564
7979
3904
7891
2815
5259
4551
5671
1215
9961
7699
12
4188
882
937
4849
1128
441
4076
4340
9200
5561
1899
8373
2944
8817
3702
2915
7233
5670
3922
7761
9426
9252
7580
8007
6865
805
2666
177
8241
1093
4708
9440
5272
5544
8370
7557
4664
9605
4551
7489
7670
7847
6325
252
2275
6418
7970
2436
1082
5747
8878
5166
8534
3422
9507
6694
7783
1482
1975
9076
7312
5672
454
5735
4226
1487
773
6235
4076
1425
7507
8957
6619
2118
2170
9917
6054
8472
5009
6076
2052
8854
5050
4152
1582
3535
9335
9635
7039
1692
478
6764
7322
4350
9545
374
3481
9280
4590
1508
6588
2824
2445
8108
9120
551
3850
5987
6786
3640
7478
615
7409
8052
8469
6174
7031
6439
5558
6401
9823
2401
4395
5974
5591
2986
2729
5303
9457
409
2833
1381
3426
9575
698
357
5605
2747
3041
9066
9078
947
9968
3583
415
7386
4376
4426
9450
3951
7307
3338
7639
7626
7564
6478
668
749
6994
1031
2154
1977
9270
7869
3276
4549
29
4203
7331
6173
2850
1774
6264
9822
9803
2136
2777
8919
6531
300
7642
1925
6335
2451
8613
1630
1898
3032
2894
9086
324
3025
8171
4019
5042
9938
253
5722
2557
2149
4964
8792
1889
1886
6177
2828
4730
9175
5755
5092
2309
3803
2924
8877
3212
7819
874
9899
9273
1028
526
8926
3331
6174
3440
9294
4881
6476
4344
5493
9273
6040
3174
4256
2848
5545
2419
8860
2770
8345
3808
9477
5438
8006
1234
4318
8657
4788
9815
9532
4459
7007
3525
6205
378
7387
2268
9480
4873
4413
3312
124
5245
1694
6161
4400
1183
5225
190
8420
6202
6984
7164
514
1637
5585
1309
8036
5684
2622
7398
3607
7977
93
6857
5396
8035
5578
8579
6490
4218
5410
4496
6868
9030
40
7175
268
4648
8998
4307
6091
229
795
2310
3555
4578
1947
7394
7847
9530
4898
6560
2600
7924
6719
690
6871
5549
5861
9886
4241
3145
9322
2335
8027
2178
7390
9814
8405
8795
6756
3501
4543
1216
5878
4421
9742
1881
4968
7601
796
9020
8105
1412
567
1555
4486
7232
4083
1157
7729
3370
3604
1484
617
9797
6596
2024
321
6787
4215
5239
6023
8435
6083
7571
3606
6094
4618
8020
1346
8176
158
1671
9434
76
836
1278
805
1471
5458
819
4055
9275
9567
1706
4684
2151
9246
1193
9950
9978
6369
793
6262
1123
33
62
3193
5047
576
676
7787
7395
226
2804
401
1707
6956
378
6744
4374
4622
4245
7687
2160
9435
6197
5423
3630
1906
7857
5758
2041
65
3586
763
3222
8333
8522
5980
7571
376
3958
7946
7603
2311
6172
1238
1662
4545
831
1651
2725
8445
7806
7545
6474
1935
6377
4032
2486
1693
856
8843
9461
5295
6377
177
7954
6283
8762
1240
2372
2789
6977
6330
3225
5326
2440
4419
7367
4234
1898
7655
5786
7350
5446
4579
8643
7277
391
3425
294
8079
6004
1886
7040
5389
7834
2318
9222
9891
1706
9737
1913
5794
8579
975
4903
1300
2027
8502
6915
4227
9005
4385
5362
6434
8343
8686
7566
3920
5834
1286
775
1643
7292
9415
7854
2849
6260
7033
6069
1195
4736
157
2110
573
3118
7479
2288
2494
7752
927
422
2049
9549
434
9595
3878
3954
5216
2128
6935
6611
822
6715
3690
7475
6523
79
5499
5794
2296
9867
3931
655
3939
4844
186
1280
1314
5709
6436
3284
7098
65
2851
2748
8480
8313
4494
5988
9096
9109
2129
6397
3080
4385
6851
7514
483
2133
3215
7247
6597
5684
3972
7155
7119
6094
9145
8558
5074
5190
5002
3460
9471
7976
3660
2258
5816
8612
1754
9670
7254
1335
3249
2489
165
3213
3226
4810
8942
2864
5958
9509
9728
5189
2570
7168
2582
4586
2721
1560
6721
9831
5096
6313
6548
9285
8542
5504
7044
4382
3472
4180
5256
9295
8089
3336
4936
6204
7801
7886
8637
9090
2080
6465
1977
8346
4296
7874
273
1403
2468
6664
500
4645
5516
9249
6851
7095
5836
7421
1067
55
1204
3720
1223
6009
3493
4778
7978
2830
9630
4257
6637
7838
4838
5206
117
6294
5835
2060
2739
4527
3307
4332
4716
8686
5662
9750
6147
1010
8952
1920
3987
9102
9919
6922
9519
9557
7137
3201
9402
6470
5681
991
5334
1638
7667
4091
9632
8900
8181
5095
3291
7889
2056
1600
361
2847
1622
6753
9162
7452
8685
8643
4105
9127
6597
887
1276
2401
5921
5741
6065
3081
4774
1400
9683
4462
8942
260
3311
6197
790
183
3527
7952
7490
3699
1537
5212
8981
6008
9134
4183
1479
6017
992
8385
3224
4017
9594
7960
7135
8041
9308
4385
6154
6000
7899
6317
5407
7331
640
6559
8662
2964
7330
1868
3823
6910
3982
7651
9347
1501
5057
1697
3332
5492
2180
9989
2865
6557
8737
9906
8733
4525
6672
6156
5685
3506
969
6037
8269
2831
4373
9425
5035
6482
194
6991
8305
361
5507
2483
464
9465
364
2128
9721
4223
9659
3987
6257
1180
812
1046
2239
8139
8047
9480
8740
9091
1062
8328
4139
2539
8884
9480
7566
5055
5997
3089
8502
8617
1661
222
2922
3203
1697
1960
9837
4987
9054
4230
3135
4852
2952
3098
8031
3147
5184
1996
1796
1129
1427
6370
7425
9124
1276
5381
8214
2363
4519
1633
3448
4321
6725
9382
2904
7957
3367
8515
5490
2847
3729
1267
520
6027
5188
6059
8990
5708
105
8025
9903
7278
686
1083
4255
3406
7221
3209
6201
2455
9969
3531
1432
5106
1259
5154
6816
6039
3554
703
3732
9957
6281
6007
5017
1929
957
3209
7699
9400
5847
183
9074
8455
406
299
7331
3651
559
6246
8718
3095
8997
3063
4595
337
5152
8591
4503
5042
955
5679
5224
6258
2844
7611
8312
6707
7710
7172
1944
4449
4924
5931
211
7464
3201
6682
4715
6389
2511
5552
1063
5723
6932
1529
3406
1608
3796
9623
2195
5952
6650
8239
2012
1918
7107
6146
9256
3586
5453
7158
5688
5470
3419
7732
400
6449
392
7850
7930
8530
1723
9022
1555
3974
4568
4115
4809
3230
9297
89
8492
4285
1645
537
2718
8867
1843
4930
2464
2991
7230
9768
2207
8692
3667
6891
3983
6301
6546
9615
2467
3956
5767
5175
476
3419
93
7502
3967
694
6242
1154
4560
7249
2776
9128
7528
9666
4716
9247
1529
9691
9247
2456
669
540
2257
1025
8646
2274
5651
8961
4194
4833
54
2968
3168
1954
5092
2777
3110
6837
1657
2330
5113
3836
9536
4622
9699
2935
2138
153
9171
4745
2142
6840
3582
3119
4331
955
4734
9619
1887
5139
1182
6516
399
6516
4630
8822
7124
1954
6054
5330
4575
5684
6240
5161
4467
8565
9489
7816
3194
4894
261
5543
2268
7224
5770
933
6008
8602
1023
6227
4181
7296
3067
8904
2049
3386
9521
6332
5675
3905
8120
8787
3576
1498
3311
5251
5633
5669
2934
9508
6493
9433
4284
3378
2055
6296
630
7634
7875
7993
3003
3547
6966
8887
7045
4261
8518
3310
464
296
4820
517
5060
747
1619
3575
1591
8940
4544
7182
7339
2553
8309
8196
4035
3093
4254
1135
7882
8601
1602
2115
3558
6530
3078
1744
5970
122
2749
6435
1725
2809
6845
7562
5997
8204
3396
522
6790
7349
8115
2848
9849
7384
9891
6145
5881
5748
7492
2137
1045
4970
3561
9343
6074
5013
1765
8522
8692
3387
9320
3534
7608
3459
2088
8193
3386
9023
5984
5073
932
1669
4875
8923
9176
8307
713
3392
4204
4386
7864
7513
5701
4669
7315
7589
6178
7253
5665
7717
9701
2929
4483
9359
7355
7585
4347
6502
2786
9165
2760
6510
3687
6697
5081
1591
3099
2804
4701
6098
26
3061
5768
5277
4804
2160
1836
856
7392
8566
8839
6956
8949
7872
3056
849
4381
2232
3782
9940
1591
5984
1712
4360
7810
9655
2844
1946
467
1673
6094
2505
7553
9755
1899
9971
3909
749
1243
4751
8834
1
8364
7204
1210
5239
5897
6831
1178
4650
5805
1013
122
3367
9999
5948
7652
8580
2356
2279
9629
8142
7254
1205
5121
4493
1547
1285
8686
602
6671
9514
9772
2787
7842
4688
459
7010
3368
2096
5138
9548
4680
5430
5692
6216
6798
4049
3339
7145
820
2936
1438
4387
9102
5292
8468
7733
8356
3958
4472
835
7854
1383
8740
1508
3232
4819
7027
1841
1864
3552
5639
8617
4275
4367
9348
9529
4884
3962
7992
3907
8931
2012
7256
7853
7989
938
237
9742
5929
2125
8355
3917
7980
4441
430
6952
737
7653
1748
1159
6993
7254
7047
1826
4552
3783
973
4757
5097
4476
2363
4177
1351
2423
8527
4174
1302
5325
2844
6476
2018
11
4031
2098
1336
2087
8653
1337
3182
8861
7875
9574
2041
6167
8602
1019
2473
6454
799
7678
380
6038
5481
5988
8782
2388
9429
1814
2537
9009
9975
4907
8013
6012
4317
4808
343
6501
9094
7562
6024
2703
2947
3307
9576
2979
5555
7179
7578
3323
2894
8786
1065
8770
6467
3485
417
1636
1729
7224
6604
5974
6486
125
5222
9641
7352
6747
7217
8554
5443
7495
4477
7202
5243
3684
8498
9487
5950
9573
5314
5242
7338
506
7774
1152
9142
1446
6474
5753
9157
2392
8687
7562
3177
4335
8187
52
9663
4225
4590
3511
5127
3919
5191
2846
6561
9469
176
4283
998
2771
4420
1930
7964
2840
2992
7110
2994
1446
3259
5210
5651
99
4805
4289
5813
3697
3885
4376
5651
9229
2884
9610
4813
2052
3283
2498
9571
9642
9211
1619
1708
3910
8133
9333
8757
2423
4489
559
374
8920
5171
5549
8880
2615
69
6583
6556
8762
7926
154
7910
5837
4399
4834
2386
8569
5582
8399
6364
5376
6570
5591
8343
4123
8699
4007
3188
8835
2228
8912
4754
6027
4518
2548
6816
4678
2502
9312
6159
7156
4984
2935
4922
2980
126
763
8177
6457
8466
3484
4927
3714
4574
7040
8285
7681
4473
3039
9814
2410
3410
7491
9992
586
9042
5669
9407
9725
4771
5544
7302
4091
6948
7331
5733
5645
7861
900
1415
7148
6515
7068
5170
8450
2789
1385
7475
6002
5877
5990
5935
4673
8432
3055
6411
2296
3898
9167
3785
6856
7881
1067
2945
3195
8970
3363
3802
4277
2621
5799
2404
5297
1182
228
6757
1414
8312
9738
6649
1338
4432
3204
1827
7766
4617
20
2396
421
7571
6127
1835
7499
8498
7479
67
6836
4271
4668
317
499
5973
949
9914
1048
5228
6097
8761
2969
9278
3724
1372
2093
6282
3133
6850
5497
8949
4566
5876
6469
1233
8328
7054
969
7384
2581
5463
5736
4745
4330
622
2551
9062
1541
5098
4636
6064
5189
5288
4304
8047
1483
1171
9585
5447
7155
7402
8962
7860
167
4877
8886
9852
3642
8484
1501
1259
2922
3107
3695
16
9484
4570
2329
7507
6060
9460
8157
8485
1391
6667
6533
5902
8540
5057
9233
415
1414
8300
2680
7997
914
8858
3723
3323
4539
4429
5695
3593
5863
2636
7129
9890
5843
9703
677
8135
6643
6442
8550
4906
9047
4911
5244
6972
5827
7250
9042
8255
4734
195
8289
5913
6765
1761
909
3365
6525
5585
840
2940
9716
7056
4198
7063
7112
3143
4317
4285
5023
4521
5336
5319
5922
5302
8604
8369
3910
2225
9031
6593
4197
6062
2317
3776
4700
1052
1769
1706
4340
296
1440
1726
5054
9981
5888
6693
5908
7665
1227
8145
6696
439
4734
2213
3006
7411
1843
7169
9771
7774
8146
726
897
7815
9622
2357
1657
2126
8899
8933
4305
6209
8542
9570
1659
942
8663
2526
5017
9532
7651
2154
8000
614
8900
9213
1875
15
2208
6058
3751
8783
1245
4896
1206
2134
9800
8987
1855
6616
8931
4634
2267
7907
9283
3557
3822
6260
4933
6860
3847
7331
7448
5245
9385
4094
9523
2716
7625
9778
5953
9891
6701
3793
4938
935
1042
7413
9795
1742
5702
2294
5715
7488
316
1806
2999
9418
8232
6678
8417
3894
3392
5569
3760
7362
2579
7100
4112
8760
894
414
1472
3711
9423
8157
4226
4029
175
2015
7803
1325
4877
2372
98
4673
0
2199
3861
3866
9168
2061
9529
9311
6127
5727
883
9775
1816
9801
4573
1027
4411
1324
935
5581
7768
9340
8697
9202
1827
8833
1670
4201
4270
4898
5293
9598
6348
4577
898
5961
8762
6653
8918
9306
400
1732
8878
6889
813
4791
545
6338
1394
1317
8567
2439
2665
3300
7102
5283
1331
1517
8022
1371
8808
5146
1371
5757
9639
6612
1778
1491
9986
4616
8193
2926
8646
4252
7942
9081
6168
8976
2458
1521
2888
6759
5286
3395
7221
8946
9868
2659
7786
8452
5279
2722
8901
5514
7988
1801
3103
4063
2597
7094
1869
6653
5152
7127
5028
5335
6106
3543
9244
391
4306
3126
5665
9092
3297
4677
3628
2128
4950
3253
8375
7428
4763
2091
2404
3135
4288
3715
5736
1477
8715
7547
3068
965
7511
737
8771
2220
3284
4234
867
1809
5957
9659
9993
8110
5840
9148
6694
2952
8537
1608
4368
5542
1870
8124
7472
9967
5934
9311
1837
7711
5914
1106
6116
566
9592
3245
355
8602
7117
5363
3214
5793
8670
9054
1630
9154
5628
3526
6287
9473
4705
7500
7313
5714
8019
7253
6197
7380
4878
3656
8758
3340
8685
7352
1832
3446
8992
8698
1882
4708
4025
7563
9265
5388
5561
5897
9871
112
8139
4522
9631
8280
6814
5761
9604
6532
4394
9028
7504
5597
2405
4685
5955
37
6656
7984
3091
5915
8820
5269
655
5179
7441
9491
927
1094
1090
9803
2269
9076
8106
802
3429
3745
1001
7142
8962
9182
1095
9682
1965
7784
8454
8298
7454
349
4503
6972
9338
1180
9772
9402
5000
8359
1472
1630
3728
4781
7776
2508
9755
9659
7080
9949
3347
8013
4277
6610
1351
5583
4349
4488
8206
6480
2944
5299
815
2566
3301
4733
5542
8962
5734
4164
274
5446
2765
9951
8198
1583
4288
5747
1448
1873
2943
9886
2180
7675
479
3376
4713
3343
4998
6128
3641
5999
3946
3517
1806
2917
7836
6219
5545
8391
2645
6407
8897
7483
5444
3735
1524
7770
9724
2157
1886
4576
2053
3627
5522
5794
5796
6021
271
1913
4125
9549
2710
8051
3973
2944
2839
5498
4479
2558
1475
7903
6678
3277
1030
4944
2978
3883
5731
9355
3226
6350
5328
40
1709
4744
684
2774
8242
8418
3259
2964
8485
771
4559
2239
471
2394
5822
9192
2490
7153
7665
5929
8209
1994
4680
5663
3564
8576
3813
4064
4391
9018
8905
4832
6643
9383
5000
2932
7441
2193
1066
1463
720
4801
118
398
5627
1631
740
9353
4310
4379
3955
794
3539
9786
1604
6181
7131
2840
4386
4854
5139
4645
3734
3686
1322
44
6012
91
5538
829
4997
2139
174
8612
3160
1618
4244
7977
209
2988
2217
1620
3161
2172
8790
2802
163
6777
130
5849
1281
9710
1642
8624
5686
6772
6082
1877
8096
8939
1850
879
7331
2941
7096
9480
8165
3142
5963
2611
5916
2177
9775
9521
1693
1387
215
6889
5142
1546
3943
8746
4599
3147
3123
3989
6038
2323
4696
2512
5900
7020
5766
5372
1964
9990
5913
1179
9840
4733
6708
5942
6463
5155
3093
6271
4142
8975
7711
3323
2598
2692
1308
9054
7942
6726
9034
1694
1343
8424
1479
9625
1609
1512
1433
3710
2493
5688
2949
3922
2445
6408
4017
1587
6784
5914
7706
2825
9073
4001
2561
8292
4584
6149
8950
3998
8329
9078
4072
220
9383
2050
424
9832
9601
2761
8992
461
7827
9011
5185
7426
6522
5858
7301
7343
7274
9374
8680
1044
1996
2708
474
5761
9968
3813
8588
3877
200
8522
5539
887
2727
6807
7711
9559
4770
4401
9437
4868
2784
107
2484
2916
3016
7885
8883
4923
920
3104
1517
5674
4227
6702
8054
8410
7143
9080
9095
640
6822
7355
4757
9338
938
1795
5211
5645
3854
4314
8997
8601
6802
379
9613
951
106
5702
8146
7846
615
8824
7186
3765
7720
4132
4783
8354
4309
3692
805
2588
5131
4377
364
2595
7941
8552
9475
8265
6114
13
810
7521
8507
4253
6184
7452
5282
1433
7511
9145
5005
3819
1757
9829
7909
9998
2271
7486
5559
7845
5497
9272
7004
3796
793
4675
9658
6979
207
3890
4197
7614
5765
6524
7914
1339
1800
305
7129
6814
4214
3485
652
2206
2895
2651
6292
4278
305
5098
1537
1059
5209
7318
7735
152
5046
4223
6578
3713
4398
7588
2627
5912
674
1444
3987
8939
3189
8712
5880
5367
5272
5238
9625
3414
3004
6992
6914
3115
395
3868
8787
1140
4611
6926
9686
8277
1189
919
3226
5675
6317
5165
9922
4368
1243
6184
5170
3692
9899
8036
7368
2492
4225
5520
8883
2190
123
7176
5033
6350
1663
6236
3481
9207
4931
3794
1731
7614
5784
7718
3537
3024
4767
7413
4630
2685
4630
1107
276
7001
7041
6929
6735
4999
8180
1154
4542
9642
9780
2133
4567
8355
8757
6674
3957
6954
8619
3797
724
2556
8687
447
7403
7748
7446
2824
4379
3864
4168
3336
949
1516
2249
6259
7386
1783
9699
9006
2913
3524
8041
1149
6782
2221
9720
8504
747
1516
740
7076
1213
829
76
8394
7328
7667
7353
3500
8922
3480
501
3648
1719
7816
855
1117
7100
416
6705
6849
3567
6459
9461
406
1539
5182
4177
6263
1615
3670
4397
7543
5386
9449
8835
3575
9966
7826
2094
6909
4628
8686
3938
7629
7543
3832
7917
9692
7872
5546
8645
6934
9355
9953
8785
3356
306
8304
3015
955
793
9149
7037
775
9231
3260
8137
2780
1828
1786
4430
9922
4443
3842
5772
3679
2630
1590
2018
3053
8302
7465
8431
4265
3822
8719
9047
3463
5948
7226
5849
9412
2143
5208
6395
9831
5957
8967
4422
84
4600
8292
1279
8885
219
2637
5570
5404
1965
325
699
3073
5865
8436
2742
5054
8115
7240
2391
1373
9392
8015
7199
5686
6572
175
1601
464
1983
3402
5606
303
9746
9192
1701
6084
2112
4085
8290
9902
9638
8333
4362
5224
9727
1187
7729
8047
7246
7344
9538
931
3198
7247
9679
5230
4463
3380
596
8928
1846
2358
6448
5385
8564
1747
7104
9847
132
9029
5772
9842
564
2978
45
2791
5647
760
5583
2238
663
417
801
7540
7781
9126
5690
8390
6643
7661
1135
7640
3634
3439
4270
6972
5986
1284
9989
655
6330
3998
6013
1173
3755
1942
9663
1714
9334
1077
1467
5422
981
1068
9443
861
6308
6241
1257
4931
1043
6418
6901
5343
8944
3427
9469
2230
1085
8493
6018
9619
490
1769
6798
3723
5428
4485
6498
1390
920
4036
727
9601
7283
6040
226
5594
8812
6480
8190
1381
6522
5191
4788
3082
4488
3599
4487
6319
5172
8602
2093
1769
5822
1241
9918
6400
4253
3160
1061
2327
8280
6071
7497
1810
6637
7299
3420
8880
3045
5431
4410
3692
9406
4973
8281
9850
8532
8959
7381
8941
7773
9568
2203
7599
1416
1829
3185
8754
5533
4419
392
5730
13
8578
1592
5148
3310
7598
7353
8697
9336
8804
8630
5487
4111
9494
279
5841
9413
8445
2059
6159
7447
2383
3708
3977
4760
2727
7038
5299
6493
7710
2912
5573
4162
3953
1951
1270
1297
4291
8101
7566
5651
3164
3520
956
4229
7189
8668
174
9483
5863
4153
662
5002
2001
2470
838
4548
5333
9128
7481
7855
9489
8691
6559
5001
7597
4322
5342
9866
6487
636
3504
5021
461
5416
159
679
545
661
8665
5772
8336
4613
5305
3679
1439
8159
4067
2342
6499
4760
6351
5960
1144
9530
4397
5874
4323
2335
4272
2260
2555
5124
8936
4048
6892
5650
8670
4307
8463
98
4223
173
9392
3378
6619
4436
9259
5414
6856
1468
5083
8328
6608
7039
926
2185
6537
9597
7858
196
2984
6727
5831
2885
2351
3142
7401
9211
6949
9057
8934
3843
8211
898
5567
6410
4737
3673
6178
9342
2160
2360
3847
2618
8758
6262
5050
5483
6514
9201
1721
9490
2321
4487
588
3326
9389
2501
7468
7245
1272
3475
1656
3195
9035
9400
9521
3131
3229
9168
1095
9236
938
2348
9808
6977
6262
6471
7276
1289
821
7834
9967
6456
5222
4617
4209
5028
5936
9365
6660
8174
3711
8626
3172
7417
6553
6479
1848
5114
7725
8647
3692
2841
4557
7793
9551
5865
6972
8160
909
1858
720
646
7391
5452
9574
8976
2925
661
8006
2526
8491
9841
233
3463
220
6285
536
871
5430
9912
9294
9724
882
9747
3796
8365
6127
7059
461
4779
7232
8513
3993
920
5895
4504
4776
6830
3351
2314
6314
5744
3711
6114
1491
4371
8481
3528
7069
8977
3870
5025
1620
759
72
9970
6159
7644
6675
3845
5463
8497
4738
9488
2551
9863
5299
8065
674
9854
9918
4141
9302
5871
8213
1301
9082
8968
1214
9201
6819
6610
9692
4022
6928
3767
1473
5186
1181
2117
6244
411
1315
4411
8368
2261
6806
623
5686
4902
8383
7407
1132
4761
1211
4841
5636
3922
4859
1612
7845
6578
4139
9688
7777
372
1906
8158
5666
9340
8298
938
3787
6040
5923
6970
4121
4292
6167
4340
3250
6765
6461
2292
6540
2072
6236
1902
7657
72
1165
3709
737
5195
9328
8232
6806
8341
9827
1664
419
2420
223
597
5912
1746
9940
7716
4189
3009
7893
9430
3793
5954
1156
9448
6516
2375
9819
6415
4266
2163
8806
2744
5542
9219
6185
606
3301
8263
8781
6308
8566
7680
7118
3507
9695
7459
3096
9408
1592
6571
9871
6173
8099
5061
4287
3669
517
7445
280
6438
8361
7064
368
7053
7755
310
7256
2470
1784
426
2965
6298
4645
7810
6021
4312
2353
3914
376
6299
7359
3426
7953
8702
5126
8487
5121
272
1757
1890
3224
7516
6168
9513
7115
2889
6197
5740
3100
7575
3251
8447
4620
7866
8337
5370
8532
6299
1489
205
7432
720
74
7608
4206
6543
2501
699
6234
4306
6563
5595
9062
2406
7114
7217
2008
55
2311
6212
2344
8577
7366
7208
4427
6187
5867
1154
8714
9765
6214
6315
2059
7802
8037
6126
5768
1552
1518
1542
19
2543
2675
667
8963
4666
9193
1896
104
3594
185
7411
5075
7389
5017
8692
9379
5155
6933
7470
5910
4848
857
2011
5258
6101
6263
7663
2213
8545
4731
5803
22
1128
6121
1863
3306
6670
1950
9042
1772
9001
6815
3125
9857
3076
2516
4629
3813
4368
2401
7288
3506
272
3274
4595
6388
9886
2938
4036
2793
8569
4551
7680
5673
2515
5922
7756
3605
9112
923
5295
5054
8740
1870
1838
9154
1948
2346
8656
784
8048
8919
1446
5292
9586
1462
2268
7962
6839
4297
8406
6970
1223
3912
7382
1789
4141
1734
5992
9835
3581
8988
6706
9589
5882
8984
525
1462
2971
9676
9934
7206
5494
6888
8295
813
9033
9637
7820
9757
5048
633
897
4530
3949
1570
935
1201
7108
3839
6163
250
6824
2848
8363
7023
5447
5959
6086
5253
7288
163
5142
8962
5399
2577
4909
4710
951
8358
8498
2186
1475
6745
1318
8717
2893
7889
9000
4395
6028
8337
2077
7516
2347
5167
4853
4733
1302
6047
4084
4976
2161
2922
728
7072
3796
5724
6822
4407
8757
8925
1771
7829
6929
5853
5400
186
8380
7815
8637
169
7657
8833
8587
8667
2341
9976
8702
4458
9209
9964
6791
1867
2002
3826
9215
9849
1242
3005
1905
1207
1117
5386
6285
7035
4250
6944
5157
372
919
6305
5426
7730
6646
1009
5032
349
8015
2920
7477
9655
2143
2439
3191
3369
9003
3352
4337
305
5843
9298
2824
6034
1263
7290
1338
9619
8670
5290
2369
1984
2776
6600
1133
9112
2231
8912
1834
1847
2057
4919
6712
1018
9645
4910
9976
1784
4398
690
5600
1434
6121
9397
8204
4365
64
3775
836
8968
8655
1454
4497
8528
9499
49
7607
3540
7341
4509
5454
3690
8733
7439
9041
9374
421
5317
9265
7744
3892
980
911
5395
341
7801
7152
6371
7718
519
1785
9305
7515
6602
8194
4977
3108
1227
4084
1167
3704
4518
2052
9602
9847
9970
712
7902
9873
5202
1247
2856
8145
3379
9321
3569
8237
6399
4303
429
243
3902
9963
2715
6137
3506
3515
6874
6015
3165
6749
2751
9440
4122
6353
8302
8906
6631
6883
8733
1783
7141
8377
4623
1007
7345
6918
4613
3768
5923
621
2929
7860
1534
9661
4876
5899
8910
2604
8190
7629
3754
1927
2920
2166
8181
1356
7470
4192
8781
6776
4368
3498
3803
7565
6219
8142
1933
8458
9635
2996
6940
6796
7349
5467
6209
7237
3824
6871
7202
2553
1824
5204
5786
438
843
5908
5801
7601
1659
4323
8019
3650
7472
2157
8405
4497
7408
3662
5797
1483
7581
1481
2976
8446
4917
983
2853
2387
2577
9365
5132
9722
3686
7914
7306
1010
9129
1144
283
1559
5287
8240
3035
2538
1546
5764
4726
747
5100
4160
4306
1996
2732
2372
7944
313
3358
1319
4096
4697
6468
7105
1008
1841
9770
3451
4944
8835
4723
6444
9343
544
3804
3608
4979
19
6439
2497
4481
739
9568
4765
5270
1790
2429
3470
5336
6838
8901
6393
362
9508
7932
3882
1674
6138
122
9078
2624
7638
2936
8434
7505
6713
5601
4956
8212
919
4416
2887
8872
1
57
5725
2375
2468
3829
5971
6205
792
7450
9350
5023
6139
6428
3305
3536
6585
9095
4540
5669
1078
1382
7601
1245
2695
7464
4958
6635
576
4747
1737
9604
7834
2719
9607
6180
5215
7910
117
7238
9399
2900
1101
2315
3562
5050
242
1752
3177
5322
8152
3142
6754
9330
5914
5977
783
4485
7281
2336
8464
2858
1936
9740
1791
9131
5077
5918
5266
9435
8437
2624
6618
7672
9073
3844
2160
815
9341
2142
6336
2778
4479
1749
5857
2945
1858
4
1353
3649
3950
5524
7220
8144
3991
233
4563
5879
1688
7870
6631
1167
1598
2791
3875
1734
567
9464
7089
7037
762
3847
245
1749
4089
9233
5695
5021
8751
4124
9822
3342
9073
8595
8494
4089
4479
189
526
6091
4465
6909
4367
8217
8156
3657
3189
525
4056
6025
4868
2745
8212
5703
2743
1454
4037
1739
1872
3220
9546
3792
2658
327
2517
7348
74
3890
4096
8950
740
1547
4258
1829
2491
1287
137
8010
9039
5712
7673
9978
3317
3794
3523
2818
2202
6170
6914
5656
9237
227
5818
900
7843
3941
5877
9804
4176
3320
5434
6993
1684
4954
9755
4275
160
8808
4818
8339
9456
7634
5573
7968
1676
2381
7750
2401
4614
9993
6805
6997
5819
1511
3440
3702
7215
8517
1834
6150
175
725
160
2205
6693
3538
229
3050
7588
9030
8179
1859
4854
950
7790
2594
464
5676
1556
7232
5514
998
4906
9206
3277
3581
5303
4200
6469
8369
1302
8500
7072
5487
6188
9568
8429
4668
5054
8000
3231
2290
5949
3858
7294
6059
2237
6296
9299
6562
3502
6897
660
4739
1856
3094
9701
8707
3219
5820
493
6076
404
6613
3826
4616
267
2091
5195
2932
5040
1067
8968
6462
3655
5560
827
8399
3593
9834
5128
182
2338
3308
1220
4878
74
3488
475
5749
6748
6298
4877
2813
9602
0
4947
8123
9522
142
197
4303
2573
7495
7000
6377
1159
7910
240
2395
890
1790
8464
223
8074
2349
4840
9461
4449
7976
9179
7215
4997
2802
3858
5839
5866
4250
2199
8201
9927
5538
3005
1086
1296
1444
1555
1062
3856
5198
1386
1577
4319
4438
7140
9193
5032
9478
8900
3471
1010
8719
3373
7087
3807
4650
8350
3558
8640
6400
7062
4928
8557
8585
6395
1609
1053
2900
3925
3704
2879
6248
912
1364
3769
5778
7452
3335
2889
806
5671
1374
1490
1001
937
9519
1545
3855
2407
9620
4318
1966
9514
130
6637
7191
1497
7659
3511
4850
2889
7964
9384
9213
7630
6427
3431
4420
2425
1864
7453
4164
7798
4938
2246
7975
7361
5791
1884
6242
7560
5666
4075
317
8260
9663
5558
6471
5580
9296
6083
9798
112
6927
8645
3953
398
4071
5278
340
1356
5433
7337
4970
8291
1701
6634
2795
2437
9724
2337
3756
4658
9631
878
4176
8522
7625
692
6416
6906
1522
915
3350
4817
516
942
589
1146
6755
7016
681
4815
8348
2933
158
7611
5265
7509
2593
9959
5597
2196
9720
2678
5094
4437
8717
9636
2049
7200
2526
7584
6097
1544
1096
4311
2556
1835
5921
6471
29
3715
865
9351
2982
2728
6416
7029
7833
7754
3954
5621
6894
1601
1436
4211
1657
6140
4743
1518
4916
6095
3000
9159
4484
1506
9023
7223
3134
1544
7645
524
7682
2381
4386
2550
1828
2479
2914
2485
1419
9161
7146
1119
1313
7997
2801
2284
6887
9563
5170
5650
7282
3769
5868
5625
6305
3999
4477
8470
3655
3450
5903
2124
1844
7649
8145
9102
2816
8344
500
5406
2844
7288
6982
3567
6198
3912
2167
9353
5671
4176
7031
8927
5963
5385
2725
2838
7750
4417
6280
5975
8797
8597
1878
7971
4758
5854
7091
7477
1176
8455
3691
9710
2788
314
8377
9915
324
6710
9370
3979
2989
7196
5183
5273
3509
945
1557
6344
8942
4175
3579
4253
8834
2891
4049
5863
7520
6105
3311
8810
8281
2637
1916
6991
8080
9292
2730
5903
9135
8992
9588
796
7161
8773
6743
160
499
67
2737
4633
2660
6742
9092
4049
4495
2526
2265
9758
6444
5345
6408
5231
3178
5433
1657
1502
7345
8016
7868
1386
2050
4259
1990
5190
718
8448
2647
6134
500
7783
7212
7515
2710
8514
6911
3949
3593
2164
2907
5562
8785
3496
3645
1331
7810
3742
8538
8477
1072
9900
1255
9532
5420
5583
1337
1702
403
9877
7041
2447
1534
8531
6232
1783
177
2341
1908
4609
1375
7337
1163
4050
6486
1126
8799
5137
9542
6707
4979
3487
7441
1760
388
3723
5992
6048
2553
2193
5354
5178
4183
5847
725
5882
1899
5552
2184
6293
3147
5946
4246
3167
2036
2324
1892
3200
6814
709
4357
4649
7986
6818
6598
8327
1011
5762
3734
4630
4277
4123
2813
5735
3913
1230
1361
2962
9063
602
7144
8079
1976
7377
9995
5101
693
3576
8497
3828
5861
4738
3067
1433
9973
9980
5387
8661
5858
9814
5849
2099
5793
7837
6548
8813
8281
6720
9181
9623
534
1253
1838
7805
3932
144
5712
2145
349
6399
7978
229
2313
502
6219
9741
167
109
8129
5153
5181
8487
8821
1955
1244
8582
5182
1733
5817
5493
6756
7899
9326
3541
5561
9001
7782
9172
1887
4989
3291
1993
2369
2960
9249
8759
7631
5074
1636
5989
4635
7397
8931
633
6576
5207
3227
925
9284
8657
9893
2572
9219
8252
2300
494
4817
6509
2586
406
2464
6518
8715
6728
3685
3654
8960
390
9311
33
3412
1663
8804
3809
6237
2935
2023
9274
9889
1907
8150
4079
2497
7123
9086
6424
7747
1800
8466
4227
2520
1212
4116
5982
4548
2456
2058
8479
7563
5586
9247
1837
459
4872
1958
3
4342
5955
1450
157
3160
8846
5603
6605
4537
5119
879
8490
2188
3106
4909
7121
6650
1128
1065
3132
4765
4121
3209
5627
2805
9269
387
1854
5859
1902
4796
9605
8138
9336
5637
3344
242
4124
1391
9153
2878
5946
2233
6689
6919
8646
7137
9711
1646
5276
5795
7395
4341
739
359
2342
8947
6087
4127
7153
1957
1329
6640
440
8095
67
1235
1356
8446
1712
320
8810
9023
9589
5421
5936
8796
9193
9900
8735
6171
824
3548
1484
7909
1434
1173
2606
9276
8274
8434
1071
5740
6104
4196
9133
6167
2190
9387
9274
3890
5161
5738
4674
7817
5928
9612
383
5177
4874
5720
8783
5541
7452
4557
205
8666
4063
2580
3052
4012
3167
192
4307
7479
889
4387
7813
8428
9851
1097
5621
1129
9978
6259
5777
8352
